`counterstrike` <-
structure(list(brackets = list(1, c(1, 2, 3, 4), c(1, 2, 3, 4, 
5), c(1, 2, 3, 4, 5, 6, 7), c(1, 2, 3, 4, 5, 6, 7, 8), c(1, 2, 
3, 4, 5, 6, 7, 8, 9), c(1, 2, 3, 4, 5, 6, 7, 8, 9, 10), c(1, 
2, 3, 4, 5, 6, 7, 8, 10), c(1, 2, 3, 4, 5, 6, 7, 9, 10), c(1, 
2, 3, 4, 5, 6, 8, 9), c(1, 2, 3, 4, 5, 6, 8, 9, 10), c(1, 2, 
3, 4, 5, 6, 9), c(1, 2, 3, 4, 5, 7), c(1, 2, 3, 4, 5, 7, 9, 10
), c(1, 2, 3, 4, 7), c(1, 2, 3, 4, 7, 9), c(1, 2, 3, 4, 7, 9, 
10), c(1, 2, 4, 5), c(1, 2, 4, 5, 6, 7, 8, 9, 10), c(1, 2, 4, 
5, 6, 8, 9, 10), c(1, 3, 4, 5), c(1, 3, 4, 5, 6, 7, 8, 9), c(1, 
3, 4, 5, 6, 9), c(1, 4), c(1, 4, 5), c(1, 4, 5, 6, 8, 9, 10), 
    c(1, 4, 5, 6, 8, 10), c(1, 4, 6, 8), c(1, 4, 6, 8, 10), c(1, 
    6), c(1, 6, 8), c(2, 3, 4), c(2, 3, 4, 7), c(3, 4), c(3, 
    4, 5), c(3, 4, 5, 6, 7, 8, 9), c(3, 4, 5, 6, 7, 9), c(3, 
    4, 6, 7), c(3, 4, 6, 7, 9), c(3, 4, 7), 6, c(6, 7, 8, 9), 
    c(6, 7, 8, 9, 10), c(6, 7, 9), c(6, 8), c(6, 8, 9, 10), c(6, 
    8, 10), c(6, 9), 7, c(7, 9, 10)), powers = c(1, 2, 14, -1, 
-1, -2, -6, -1, -1, -1, -1, -1, -1, -2, -1, -1, -1, 1, -1, -1, 
1, -1, -2, 1, 1, -1, -1, -1, -1, -1, -1, 1, -1, 4, 1, -1, -1, 
-2, -1, -1, 1, 2, 1, 1, 1, 1, 1, 2, 1, 1), pnames = c("autimatic", 
"tarik", "Skadoodle", "Stewie2k", "RUSH", "NiKo", "olofmeister", 
"karrigan", "GuardiaN", "rain")), .Names = c("brackets", "powers", 
"pnames"), class = "hyper2")
