`eurovision2009` <-
structure(list(brackets = list(1, c(1, 2, 3, 4, 5, 6, 7, 8, 9, 
10, 11, 12, 13, 14, 15, 16, 17), c(1, 2, 3, 4, 5, 6, 7, 8, 9, 
10, 11, 12, 13, 14, 15, 16, 17, 18), c(1, 2, 3, 4, 5, 6, 7, 8, 
9, 10, 11, 12, 13, 14, 15, 16, 18), c(1, 2, 3, 4, 5, 6, 7, 8, 
9, 10, 11, 12, 13, 14, 15, 17, 18), c(1, 2, 3, 4, 5, 6, 7, 8, 
9, 10, 11, 12, 13, 14, 16, 17, 18), c(1, 2, 3, 4, 5, 6, 7, 8, 
9, 10, 11, 12, 13, 15, 16, 17, 18), c(1, 2, 3, 4, 5, 6, 7, 8, 
9, 10, 11, 12, 14, 15, 16, 17, 18), c(1, 2, 3, 4, 5, 6, 7, 8, 
9, 10, 11, 13, 14, 15, 16, 17, 18), c(1, 2, 3, 4, 5, 6, 7, 8, 
9, 10, 11, 13, 14, 15, 16, 18), c(1, 2, 3, 4, 5, 6, 7, 8, 9, 
10, 11, 13, 14, 15, 17, 18), c(1, 2, 3, 4, 5, 6, 7, 8, 9, 10, 
11, 13, 14, 16, 17, 18), c(1, 2, 3, 4, 5, 6, 7, 8, 9, 10, 11, 
13, 15, 17, 18), c(1, 2, 3, 4, 5, 6, 7, 8, 9, 10, 12, 13, 14, 
15, 16, 17, 18), c(1, 2, 3, 4, 5, 6, 7, 8, 9, 11, 12, 13, 14, 
15, 16, 17, 18), c(1, 2, 3, 4, 5, 6, 7, 8, 9, 11, 13, 14, 15, 
16, 17, 18), c(1, 2, 3, 4, 5, 6, 7, 8, 10, 11, 12, 13, 14, 15, 
16, 17), c(1, 2, 3, 4, 5, 6, 7, 8, 10, 11, 12, 13, 14, 15, 16, 
17, 18), c(1, 2, 3, 4, 5, 6, 7, 8, 10, 11, 12, 13, 14, 15, 16, 
18), c(1, 2, 3, 4, 5, 6, 7, 8, 10, 11, 12, 13, 15, 16, 17, 18
), c(1, 2, 3, 4, 5, 6, 7, 8, 10, 11, 12, 14, 15, 16, 17), c(1, 
2, 3, 4, 5, 6, 7, 8, 10, 11, 12, 14, 15, 16, 17, 18), c(1, 2, 
3, 4, 5, 6, 7, 8, 10, 11, 13, 14, 15, 16, 18), c(1, 2, 3, 4, 
5, 6, 7, 8, 10, 11, 13, 15, 16, 17, 18), c(1, 2, 3, 4, 5, 6, 
7, 8, 10, 12, 13, 14, 15, 16, 17, 18), c(1, 2, 3, 4, 5, 6, 7, 
8, 10, 12, 14, 15, 16, 17, 18), c(1, 2, 3, 4, 5, 6, 7, 9, 10, 
11, 12, 13, 14, 15, 16, 17, 18), c(1, 2, 3, 4, 5, 6, 7, 10, 11, 
12, 13, 14, 15, 16, 17, 18), c(1, 2, 3, 4, 5, 6, 7, 10, 11, 12, 
13, 14, 15, 17), c(1, 2, 3, 4, 5, 6, 7, 10, 11, 12, 13, 14, 15, 
17, 18), c(1, 2, 3, 4, 5, 6, 7, 10, 11, 13, 14, 15, 17), c(1, 
2, 3, 4, 5, 6, 7, 10, 11, 14, 15, 17), c(1, 2, 3, 4, 5, 6, 7, 
11, 14, 15, 17), c(1, 2, 3, 4, 5, 6, 8, 9, 10, 11, 12, 13, 14, 
15, 16, 17, 18), c(1, 2, 3, 4, 5, 6, 8, 9, 10, 11, 12, 13, 14, 
15, 17, 18), c(1, 2, 3, 4, 5, 6, 8, 9, 10, 11, 13, 14, 15, 17, 
18), c(1, 2, 3, 4, 5, 6, 8, 9, 11, 13, 14, 15, 17, 18), c(1, 
2, 3, 4, 5, 7, 8, 9, 10, 11, 12, 13, 14, 15, 16, 17, 18), c(1, 
2, 3, 4, 5, 7, 8, 9, 10, 11, 13, 14, 15, 16, 17, 18), c(1, 2, 
3, 4, 5, 7, 8, 9, 11, 13, 14, 15, 16, 17, 18), c(1, 2, 3, 4, 
5, 7, 8, 9, 11, 13, 15, 16, 17, 18), c(1, 2, 3, 4, 5, 7, 8, 10, 
11, 12, 13, 14, 15, 16, 17), c(1, 2, 3, 4, 5, 7, 8, 10, 11, 12, 
13, 14, 15, 16, 17, 18), c(1, 2, 3, 4, 5, 7, 8, 10, 11, 12, 13, 
14, 15, 17), c(1, 2, 3, 4, 5, 7, 8, 10, 11, 13, 14, 15, 16, 17
), c(1, 2, 3, 4, 5, 7, 8, 10, 11, 13, 14, 15, 16, 17, 18), c(1, 
2, 3, 4, 5, 7, 8, 10, 11, 13, 14, 15, 17), c(1, 2, 3, 4, 5, 7, 
8, 10, 11, 13, 15), c(1, 2, 3, 4, 5, 7, 8, 10, 11, 13, 15, 16, 
17), c(1, 2, 3, 4, 5, 7, 8, 10, 11, 13, 15, 16, 17, 18), c(1, 
2, 3, 4, 5, 7, 8, 10, 11, 13, 15, 17, 18), c(1, 2, 3, 4, 5, 7, 
8, 10, 11, 13, 15, 18), c(1, 2, 3, 4, 5, 7, 8, 10, 11, 15, 16, 
17), c(1, 2, 3, 4, 5, 7, 8, 10, 12, 14, 15, 16, 17), c(1, 2, 
3, 4, 5, 7, 8, 10, 12, 14, 15, 16, 17, 18), c(1, 2, 3, 4, 5, 
7, 8, 10, 14, 15, 16, 17), c(1, 2, 3, 4, 5, 7, 8, 10, 15, 16, 
17), c(1, 2, 3, 4, 5, 7, 8, 11, 13, 14, 15, 17), c(1, 2, 3, 4, 
5, 7, 8, 15), c(1, 2, 3, 4, 5, 7, 8, 15, 16), c(1, 2, 3, 4, 5, 
7, 8, 15, 16, 17), c(1, 2, 3, 4, 6, 7, 8, 9, 10, 11, 12, 13, 
14, 15, 16, 17, 18), c(1, 2, 3, 4, 6, 7, 8, 9, 10, 11, 13, 14, 
15, 16, 17, 18), c(1, 2, 3, 4, 6, 7, 8, 9, 10, 11, 13, 14, 16, 
17), c(1, 2, 3, 4, 6, 7, 8, 9, 10, 11, 13, 14, 16, 17, 18), c(1, 
2, 3, 4, 6, 7, 8, 9, 10, 11, 13, 14, 17, 18), c(1, 2, 3, 4, 6, 
7, 8, 9, 10, 11, 13, 15), c(1, 2, 3, 4, 6, 7, 8, 9, 10, 11, 13, 
15, 17), c(1, 2, 3, 4, 6, 7, 8, 9, 10, 11, 13, 15, 17, 18), c(1, 
2, 3, 4, 6, 7, 8, 10, 11, 13, 14, 15, 16), c(1, 2, 3, 4, 6, 7, 
8, 10, 11, 13, 14, 15, 16, 18), c(1, 2, 3, 4, 6, 7, 8, 10, 11, 
13, 14, 15, 18), c(1, 2, 3, 4, 6, 7, 8, 10, 11, 13, 14, 16, 17
), c(1, 2, 3, 4, 6, 7, 8, 10, 11, 13, 14, 17, 18), c(1, 2, 3, 
4, 6, 7, 8, 10, 11, 13, 15), c(1, 2, 3, 4, 6, 7, 8, 11, 13), 
    c(1, 2, 3, 4, 6, 7, 8, 11, 13, 14, 16, 17), c(1, 2, 3, 4, 
    6, 7, 8, 11, 13, 14, 17, 18), c(1, 2, 3, 4, 6, 7, 8, 11, 
    13, 14, 18), c(1, 2, 3, 4, 6, 7, 8, 11, 13, 18), c(1, 2, 
    3, 4, 6, 7, 11, 13, 14, 16, 17), c(1, 2, 3, 4, 6, 7, 11, 
    14, 15), c(1, 2, 3, 4, 6, 7, 11, 14, 15, 17), c(1, 2, 3, 
    4, 6, 8, 9, 11, 13, 14, 15, 17, 18), c(1, 2, 3, 4, 6, 8, 
    9, 11, 13, 14, 15, 18), c(1, 2, 3, 4, 6, 8, 10, 11, 13), 
    c(1, 2, 3, 4, 6, 8, 10, 11, 13, 15), c(1, 2, 3, 4, 6, 8, 
    11, 13, 14, 15, 18), c(1, 2, 3, 4, 6, 8, 11, 13, 15, 18), 
    c(1, 2, 3, 4, 6, 8, 11, 13, 18), c(1, 2, 3, 4, 6, 10, 11, 
    13), c(1, 2, 3, 4, 6, 11, 13, 18), c(1, 2, 3, 4, 7, 8, 9, 
    11, 13, 15, 16, 17, 18), c(1, 2, 3, 4, 7, 8, 10, 11, 13), 
    c(1, 2, 3, 4, 7, 8, 10, 11, 13, 14), c(1, 2, 3, 4, 7, 8, 
    10, 11, 13, 14, 15, 16, 17, 18), c(1, 2, 3, 4, 7, 8, 10, 
    11, 13, 14, 15, 18), c(1, 2, 3, 4, 7, 8, 10, 11, 13, 14, 
    18), c(1, 2, 3, 4, 7, 8, 10, 11, 13, 15), c(1, 2, 3, 4, 7, 
    8, 11, 13), c(1, 2, 3, 4, 7, 8, 11, 13, 14), c(1, 2, 3, 4, 
    7, 8, 11, 13, 14, 15), c(1, 2, 3, 4, 7, 8, 11, 13, 14, 15, 
    16, 17), c(1, 2, 3, 4, 7, 8, 11, 13, 14, 15, 16, 17, 18), 
    c(1, 2, 3, 4, 7, 8, 11, 13, 14, 15, 17), c(1, 2, 3, 4, 7, 
    8, 11, 13, 14, 16), c(1, 2, 3, 4, 7, 8, 11, 13, 14, 16, 17
    ), c(1, 2, 3, 4, 7, 8, 11, 13, 15), c(1, 2, 3, 4, 7, 8, 11, 
    13, 15, 16, 17, 18), c(1, 2, 3, 4, 7, 8, 11, 13, 15, 16, 
    18), c(1, 2, 3, 4, 7, 8, 11, 15), c(1, 2, 3, 4, 7, 11, 13, 
    14), c(1, 2, 3, 5, 6, 7, 8, 9, 10, 11, 12, 13, 14, 15, 16, 
    17, 18), c(1, 2, 3, 5, 6, 7, 8, 9, 10, 11, 13, 14, 15, 16, 
    17, 18), c(1, 2, 3, 5, 7, 8, 9, 10, 11, 13, 14, 15, 16, 17, 
    18), c(1, 2, 3, 5, 7, 8, 9, 10, 11, 13, 14, 15, 16, 18), 
    c(1, 2, 3, 6, 7, 11, 13, 14), c(1, 2, 3, 6, 7, 11, 13, 14, 
    16), c(1, 2, 3, 6, 7, 11, 13, 14, 16, 17), c(1, 2, 3, 7, 
    8, 9, 10, 11, 13, 14, 15, 16, 18), c(1, 2, 3, 7, 8, 10, 11, 
    13, 14, 15, 16), c(1, 2, 3, 7, 8, 10, 11, 13, 14, 15, 16, 
    18), c(1, 2, 3, 7, 8, 11, 13, 14, 15, 16), c(1, 2, 3, 7, 
    8, 11, 13, 15), c(1, 2, 3, 7, 8, 11, 13, 15, 16), c(1, 2, 
    3, 7, 8, 11, 13, 15, 16, 18), c(1, 2, 4, 5, 6, 7, 8, 9, 10, 
    11, 12, 13, 14, 15, 16, 17, 18), c(1, 2, 4, 5, 6, 7, 8, 10, 
    11, 12, 13, 14, 15, 16, 17, 18), c(1, 2, 4, 5, 7, 8, 10, 
    11, 12, 13, 14, 15, 16, 17, 18), c(1, 2, 4, 5, 7, 8, 10, 
    11, 12, 13, 14, 15, 16, 18), c(1, 2, 4, 5, 7, 8, 10, 11, 
    13, 14, 15), c(1, 2, 4, 5, 7, 8, 10, 11, 13, 14, 15, 16, 
    18), c(1, 2, 4, 5, 7, 8, 10, 11, 13, 14, 15, 18), c(1, 2, 
    4, 7, 8, 10, 11, 13, 14, 15), c(1, 2, 4, 7, 8, 11, 13, 14, 
    15), c(1, 2, 4, 7, 8, 11, 13, 15), c(1, 3, 4, 5, 6, 7, 8, 
    9, 10, 11, 12, 13, 14, 15, 16, 17, 18), c(1, 3, 4, 5, 7, 
    8, 9, 10, 11, 12, 13, 14, 15, 16, 17, 18), c(1, 3, 4, 5, 
    7, 8, 9, 10, 11, 13, 14, 15, 16), c(1, 3, 4, 5, 7, 8, 9, 
    10, 11, 13, 14, 15, 16, 17), c(1, 3, 4, 5, 7, 8, 9, 10, 11, 
    13, 14, 15, 16, 17, 18), c(1, 3, 4, 7, 8, 9, 10, 11, 13, 
    14, 15, 16), c(1, 3, 4, 7, 8, 10, 11, 13, 14, 15, 16), c(1, 
    3, 4, 7, 8, 11, 13, 14, 15, 16), c(1, 3, 4, 7, 8, 11, 14, 
    15), c(1, 3, 4, 7, 8, 11, 14, 15, 16), c(2, 3, 4, 5, 6, 7, 
    8, 9, 10, 11, 12, 13, 14, 15, 16, 17), c(2, 3, 4, 5, 6, 7, 
    8, 9, 10, 11, 12, 13, 14, 15, 16, 17, 18), c(2, 3, 4, 5, 
    6, 7, 8, 9, 10, 11, 12, 14, 15, 16, 17), c(2, 3, 4, 5, 6, 
    7, 8, 10, 11, 12, 13, 14, 15, 16, 17), c(2, 3, 4, 5, 6, 7, 
    8, 10, 11, 12, 14, 15, 16, 17), c(2, 3, 4, 5, 6, 7, 8, 10, 
    11, 12, 15, 16, 17), c(2, 3, 4, 5, 6, 7, 8, 10, 11, 14, 15, 
    16, 17), c(2, 3, 4, 5, 6, 7, 8, 10, 11, 15, 16), c(2, 3, 
    4, 5, 6, 7, 8, 10, 11, 15, 16, 17), c(2, 3, 4, 5, 6, 7, 8, 
    11, 15, 16, 17), c(2, 3, 4, 5, 7, 8, 10, 11, 15, 16, 17), 
    c(2, 3, 4, 5, 7, 8, 11, 15, 16, 17), c(2, 3, 4, 5, 7, 8, 
    11, 16, 17), c(2, 3, 4, 6, 7, 8, 10, 11, 13, 14, 15, 16), 
