`formula1` <-
structure(list(brackets = list(1, c(1, 2, 3, 4, 5, 6, 7, 8, 9, 
10, 11, 12, 13, 14, 15, 16, 17, 18, 19, 20, 21, 22, 23, 24, 25
), c(1, 2, 3, 4, 5, 7, 8, 9, 10, 11, 12, 13, 14, 15, 16, 17, 
18, 19, 20, 21, 22, 23, 24, 25), c(1, 2, 3, 4, 6, 7, 8, 9, 10, 
11, 12, 13, 14, 15, 16, 17, 18, 19, 20, 21, 22, 23, 24, 25), 
    c(1, 2, 4, 5, 6, 7, 8, 9, 10, 11, 12, 13, 14, 15, 16, 17, 
    18, 19, 20, 21, 22, 23, 24, 25), c(1, 2, 4, 5, 7, 8, 9, 10, 
    11, 12, 13, 14, 15, 16, 17, 18, 19, 20, 21, 22, 23, 24, 25
    ), c(1, 2, 4, 6, 7, 8, 9, 10, 11, 12, 13, 14, 15, 16, 17, 
    18, 19, 20, 21, 22, 23, 24, 25), c(1, 2, 4, 6, 7, 8, 9, 10, 
    11, 13, 14, 15, 16, 17, 18, 19, 20, 21, 22, 23, 24, 25), 
    c(1, 2, 5, 7, 8, 9, 10, 11, 12, 13, 14, 15, 16, 17, 18, 19, 
    20, 21, 22, 23, 24, 25), c(1, 3, 4, 5, 6, 7, 8, 9, 10, 11, 
    12, 13, 14, 15, 16, 17, 18, 19, 20, 21, 22, 23, 24, 25), 
    c(1, 3, 5, 6, 7, 8, 9, 10, 11, 12, 13, 14, 15, 16, 17, 18, 
    19, 20, 21, 22, 23, 24, 25), c(1, 3, 6, 7, 8, 9, 10, 11, 
    12, 13, 14, 15, 16, 17, 18, 19, 20, 21, 22, 23, 24, 25), 
    c(1, 4, 5, 6, 7, 8, 9, 10, 11, 12, 13, 14, 15, 16, 17, 18, 
    19, 20, 21, 22, 23, 24, 25), c(1, 4, 6, 7, 8, 9, 10, 11, 
    12, 13, 14, 15, 16, 17, 18, 19, 20, 21, 22, 23, 24, 25), 
    c(1, 4, 6, 7, 8, 9, 10, 11, 13, 14, 15, 16, 17, 18, 19, 20, 
    21, 22, 23, 24, 25), c(1, 5, 6, 7, 8, 9, 10, 11, 12, 13, 
    14, 15, 16, 17, 18, 19, 20, 21, 22, 23, 24, 25), c(1, 5, 
    7, 8, 9, 10, 11, 12, 13, 14, 15, 16, 17, 18, 19, 20, 21, 
    22, 23, 24, 25), c(1, 5, 7, 9, 10, 11, 12, 13, 14, 15, 16, 
    17, 18, 19, 20, 21, 22, 23, 24, 25), c(1, 5, 7, 9, 10, 11, 
    13, 14, 15, 16, 17, 18, 19, 20, 21, 22, 23, 24, 25), c(1, 
    5, 9, 10, 11, 13, 14, 15, 16, 17, 18, 19, 20, 21, 22, 23, 
    24, 25), c(1, 5, 9, 10, 11, 13, 15, 16, 17, 18, 19, 20, 21, 
    22, 23, 24, 25), c(1, 6, 7, 8, 9, 10, 11, 12, 13, 14, 15, 
    16, 17, 18, 19, 20, 21, 22, 23, 24, 25), c(1, 7, 8, 9, 10, 
    11, 12, 13, 14, 15, 16, 17, 18, 19, 20, 21, 22, 23, 24, 25
    ), c(1, 7, 8, 10, 11, 12, 13, 14, 15, 16, 17, 18, 19, 20, 
    21, 22, 23, 24, 25), 2, c(2, 3, 4, 5, 6, 7, 8, 9, 10, 11, 
    12, 13, 14, 15, 16, 17, 18, 19, 20, 21, 22, 23, 24, 25), 
    c(2, 3, 4, 5, 7, 8, 9, 10, 11, 12, 13, 14, 15, 16, 17, 18, 
    19, 20, 21, 22, 23, 24, 25), c(2, 3, 4, 6, 7, 8, 9, 10, 11, 
    12, 13, 14, 15, 16, 17, 18, 19, 20, 21, 22, 23, 24, 25), 
    c(2, 3, 4, 7, 8, 9, 10, 11, 12, 13, 14, 15, 16, 17, 18, 19, 
    20, 21, 22, 23, 24, 25), c(2, 4, 5, 6, 7, 8, 9, 10, 11, 12, 
    13, 14, 15, 16, 17, 18, 19, 20, 21, 22, 23, 24, 25), c(2, 
    4, 6, 7, 8, 9, 10, 11, 12, 13, 14, 15, 16, 17, 18, 19, 20, 
    21, 22, 23, 24, 25), c(2, 4, 6, 7, 8, 10, 11, 12, 13, 14, 
    15, 16, 17, 18, 19, 20, 21, 22, 23, 24, 25), c(2, 4, 6, 8, 
    10, 11, 12, 13, 14, 15, 16, 17, 18, 19, 20, 21, 22, 23, 24, 
    25), c(2, 4, 6, 8, 10, 11, 12, 13, 14, 15, 16, 18, 19, 20, 
    21, 22, 23, 24, 25), c(2, 4, 6, 8, 10, 11, 12, 13, 14, 15, 
    18, 19, 20, 21, 22, 23, 24, 25), c(2, 4, 6, 8, 10, 11, 13, 
    14, 15, 18, 19, 20, 21, 22, 23, 24, 25), c(2, 4, 6, 8, 10, 
    11, 14, 15, 18, 19, 20, 21, 22, 23, 24, 25), c(2, 4, 6, 10, 
    11, 14, 15, 18, 19, 20, 21, 22, 23, 24, 25), c(2, 4, 6, 10, 
    14, 15, 18, 19, 20, 21, 22, 23, 24, 25), c(2, 4, 7, 8, 9, 
    10, 11, 12, 13, 14, 15, 16, 17, 18, 19, 20, 21, 22, 23, 24, 
    25), c(2, 5, 6, 7, 8, 9, 10, 11, 12, 13, 14, 15, 16, 17, 
    18, 19, 20, 21, 22, 23, 24, 25), c(2, 5, 7, 8, 9, 10, 11, 
    12, 13, 14, 15, 16, 17, 18, 19, 20, 21, 22, 23, 24, 25), 
    c(2, 7, 8, 9, 10, 11, 12, 13, 14, 15, 16, 17, 18, 19, 20, 
    21, 22, 23, 24, 25), c(2, 7, 8, 9, 11, 12, 13, 14, 15, 16, 
    17, 18, 19, 20, 21, 22, 23, 24, 25), c(2, 7, 9, 10, 11, 12, 
    13, 14, 15, 16, 17, 18, 19, 20, 21, 22, 23, 24, 25), c(2, 
    9, 10, 11, 12, 13, 14, 15, 16, 17, 18, 19, 20, 21, 22, 23, 
    24, 25), c(2, 9, 10, 11, 12, 13, 15, 16, 17, 18, 19, 20, 
    21, 22, 23, 24, 25), c(2, 9, 10, 11, 12, 15, 16, 17, 18, 
    19, 20, 21, 22, 23, 24, 25), c(2, 9, 10, 12, 15, 16, 17, 
    18, 19, 20, 21, 22, 23, 24, 25), c(2, 9, 10, 12, 16, 17, 
    18, 19, 20, 21, 22, 23, 24, 25), c(2, 9, 10, 12, 16, 18, 
    19, 20, 21, 22, 23, 24, 25), c(2, 9, 10, 12, 16, 18, 19, 
    20, 22, 23, 24, 25), c(2, 9, 10, 12, 18, 19, 20, 22, 23, 
    24, 25), 3, c(3, 4, 5, 6, 7, 8, 9, 10, 11, 12, 13, 14, 15, 
    16, 17, 18, 19, 20, 21, 22, 23, 24, 25), c(3, 4, 5, 7, 8, 
    9, 10, 11, 12, 13, 14, 15, 16, 17, 18, 19, 20, 21, 22, 23, 
    24, 25), c(3, 4, 6, 7, 8, 9, 10, 11, 12, 13, 14, 15, 16, 
    17, 18, 19, 20, 21, 22, 23, 24, 25), c(3, 4, 6, 8, 9, 10, 
    11, 12, 13, 14, 15, 16, 17, 18, 19, 20, 21, 22, 23, 24, 25
    ), c(3, 4, 6, 9, 10, 11, 12, 13, 14, 15, 16, 17, 18, 19, 
    20, 21, 22, 23, 24, 25), c(3, 4, 6, 9, 11, 12, 13, 14, 15, 
    16, 17, 18, 19, 20, 21, 22, 23, 24, 25), c(3, 4, 6, 11, 12, 
    13, 14, 15, 16, 17, 18, 19, 20, 21, 22, 23, 24, 25), c(3, 
    4, 6, 11, 12, 13, 14, 15, 16, 17, 19, 20, 21, 22, 23, 24, 
    25), c(3, 4, 6, 11, 12, 13, 14, 15, 16, 17, 20, 21, 22, 23, 
    24, 25), c(3, 4, 6, 11, 12, 14, 15, 16, 17, 20, 21, 22, 23, 
    24, 25), c(3, 4, 6, 11, 12, 14, 15, 16, 17, 21, 22, 23, 24, 
    25), c(3, 4, 6, 11, 12, 14, 16, 17, 21, 22, 23, 24, 25), 
    c(3, 4, 6, 12, 14, 16, 17, 21, 22, 23, 24, 25), c(3, 4, 6, 
    12, 16, 17, 21, 22, 23, 24, 25), c(3, 4, 6, 12, 16, 21, 22, 
    23, 24, 25), c(3, 4, 7, 8, 9, 10, 11, 12, 13, 14, 15, 16, 
    17, 18, 19, 20, 21, 22, 23, 24, 25), c(3, 5, 6, 7, 8, 9, 
    10, 11, 12, 13, 14, 15, 16, 17, 18, 19, 20, 21, 22, 23, 24, 
    25), c(3, 5, 7, 8, 9, 10, 11, 12, 13, 14, 15, 16, 17, 18, 
    19, 20, 21, 22, 23, 24, 25), c(3, 6, 7, 8, 9, 10, 11, 12, 
    13, 14, 15, 16, 17, 18, 19, 20, 21, 22, 23, 24, 25), c(3, 
    7, 8, 9, 10, 11, 12, 13, 14, 15, 16, 17, 18, 19, 20, 21, 
    22, 23, 24, 25), 4, c(4, 5, 6, 7, 8, 9, 10, 11, 12, 13, 14, 
    15, 16, 17, 18, 19, 20, 21, 22, 23, 24, 25), c(4, 6, 7, 8, 
    9, 10, 11, 12, 13, 14, 15, 16, 17, 18, 19, 20, 21, 22, 23, 
    24, 25), c(4, 6, 7, 8, 9, 10, 11, 13, 14, 15, 16, 17, 18, 
    19, 20, 21, 22, 23, 24, 25), c(4, 6, 7, 9, 10, 11, 13, 14, 
    15, 16, 17, 18, 19, 20, 21, 22, 23, 24, 25), c(4, 6, 7, 9, 
    10, 11, 13, 15, 16, 17, 18, 19, 20, 21, 22, 23, 24, 25), 
    c(4, 6, 7, 10, 11, 13, 15, 16, 17, 18, 19, 20, 21, 22, 23, 
    24, 25), c(4, 6, 7, 10, 11, 13, 16, 17, 18, 19, 20, 21, 22, 
    23, 24, 25), c(4, 6, 7, 10, 11, 13, 16, 17, 19, 20, 21, 22, 
    23, 24, 25), c(4, 6, 7, 10, 11, 13, 16, 17, 19, 21, 22, 23, 
    24, 25), c(4, 6, 7, 10, 11, 13, 17, 19, 21, 22, 23, 24, 25
    ), c(4, 6, 7, 10, 11, 17, 19, 21, 22, 23, 24, 25), c(4, 6, 
    8, 9, 10, 11, 12, 13, 14, 15, 16, 17, 18, 19, 20, 21, 22, 
    23, 24, 25), c(4, 6, 9, 10, 11, 12, 13, 14, 15, 16, 17, 18, 
    19, 20, 21, 22, 23, 24, 25), c(4, 7, 8, 9, 10, 11, 12, 13, 
    14, 15, 16, 17, 18, 19, 20, 21, 22, 23, 24, 25), c(4, 8, 
    9, 10, 11, 12, 13, 14, 15, 16, 17, 18, 19, 20, 21, 22, 23, 
    24, 25), c(4, 8, 9, 10, 11, 12, 13, 14, 15, 17, 18, 19, 20, 
    21, 22, 23, 24, 25), c(4, 8, 9, 10, 11, 13, 14, 15, 17, 18, 
    19, 20, 21, 22, 23, 24, 25), c(4, 8, 9, 10, 13, 14, 15, 17, 
    18, 19, 20, 21, 22, 23, 24, 25), c(4, 9, 10, 13, 14, 15, 
    17, 18, 19, 20, 21, 22, 23, 24, 25), c(4, 9, 10, 13, 14, 
    17, 18, 19, 20, 21, 22, 23, 24, 25), c(4, 9, 10, 13, 17, 
    18, 19, 20, 21, 22, 23, 24, 25), c(4, 9, 10, 17, 18, 19, 
    20, 21, 22, 23, 24, 25), c(4, 9, 10, 17, 18, 19, 20, 22, 
    23, 24, 25), c(4, 9, 10, 18, 19, 20, 22, 23, 24, 25), c(4, 
    9, 18, 19, 20, 22, 23, 24, 25), c(4, 9, 19, 20, 22, 23, 24, 
    25), 5, c(5, 6, 7, 8, 9, 10, 11, 12, 13, 14, 15, 16, 17, 
    18, 19, 20, 21, 22, 23, 24, 25), c(5, 7, 8, 9, 10, 11, 12, 
    13, 14, 15, 16, 17, 18, 19, 20, 21, 22, 23, 24, 25), c(5, 
    7, 8, 9, 10, 11, 12, 13, 14, 16, 17, 18, 19, 20, 21, 22, 
    23, 24, 25), c(5, 7, 8, 9, 10, 12, 13, 14, 15, 16, 17, 18, 
