`heptathlon_ordertable` <-
structure(c(7L, 5L, 16L, 13L, 3L, 14L, 15L, 4L, 10L, 1L, 12L, 
8L, 11L, 9L, 2L, 6L, 5L, 7L, 6L, 12L, 3L, 14L, 16L, 1L, 13L, 
9L, 4L, 2L, 8L, 11L, 15L, 10L, 3L, 11L, 10L, 8L, 16L, 4L, 13L, 
7L, 15L, 14L, 2L, 1L, 12L, 6L, 9L, 5L, 8L, 11L, 13L, 14L, 4L, 
15L, 3L, 1L, 12L, 2L, 16L, 10L, 9L, 6L, 7L, 5L, 12L, 11L, 14L, 
13L, 7L, 16L, 2L, 1L, 15L, 5L, 6L, 3L, 8L, 9L, 10L, 4L, 15L, 
12L, 3L, 2L, 11L, 1L, 14L, 10L, 8L, 9L, 4L, 5L, 16L, 6L, 13L, 
7L, 15L, 9L, 5L, 6L, 3L, 8L, 4L, 1L, 10L, 11L, 12L, 14L, 7L, 
16L, 13L, 2L), .Dim = c(16L, 7L), .Dimnames = list(c("Annie_Kunz", 
"Chari_Hawkins", "Ekaterina_Voronina", "Emma_Oosterwegel", "Erica_Bougard", 
"Geraldine_Ruckstuhl", "Hanne_Maudens", "Katarina_Johnson-Thompson", 
"Katerina_Cachova", "Kendell_Williams", "Nadine_Broersen", "Nafissatou_Thiam", 
"Noor_Vidts", "Odile_Ahouanwanou", "Solene_Ndama", "Verena_Preiner"
), c("hurdles", "highjump", "shotput", "m200", "longjump", "javelin", 
"m800")))

`heptathlon` <-
structure(list(brackets = list(1, c(1, 2, 3, 4, 5, 6, 7, 8, 9, 
10, 11, 12, 13, 14, 15, 16), c(1, 2, 3, 4, 5, 6, 7, 8, 9, 10, 
11, 13, 14, 15, 16), c(1, 2, 3, 4, 5, 6, 7, 8, 9, 10, 13, 14, 
15, 16), c(1, 2, 3, 4, 5, 6, 7, 8, 9, 11, 12, 13, 14, 15, 16), 
    c(1, 2, 3, 4, 5, 6, 7, 8, 9, 11, 12, 13, 14, 16), c(1, 2, 
    3, 4, 5, 6, 7, 9, 10, 11, 12, 13, 14, 15, 16), c(1, 2, 3, 
    4, 5, 6, 7, 9, 10, 11, 13, 14, 15, 16), c(1, 2, 3, 4, 5, 
    6, 7, 9, 11, 12, 13, 14, 15, 16), c(1, 2, 3, 4, 5, 6, 9, 
    10, 11, 12, 13, 14, 15, 16), c(1, 2, 3, 4, 5, 6, 9, 10, 11, 
    13, 14, 15), c(1, 2, 3, 4, 5, 6, 9, 10, 11, 13, 14, 15, 16
    ), c(1, 2, 3, 4, 5, 6, 9, 11, 12, 13, 14, 15, 16), c(1, 2, 
    3, 4, 5, 6, 9, 11, 13, 14, 15), c(1, 2, 3, 4, 5, 6, 9, 13, 
    14, 15), c(1, 2, 3, 4, 5, 7, 8, 9, 10, 11, 12, 13, 14, 15, 
    16), c(1, 2, 3, 4, 6, 7, 8, 9, 11, 12, 13, 14, 16), c(1, 
    2, 3, 4, 6, 7, 9, 10, 11, 13, 14, 15, 16), c(1, 2, 3, 4, 
    6, 7, 9, 10, 13, 14, 15, 16), c(1, 2, 3, 4, 6, 7, 9, 11, 
    12, 13, 14, 16), c(1, 2, 3, 4, 6, 9), c(1, 2, 3, 4, 6, 9, 
    11, 12, 13), c(1, 2, 3, 4, 6, 9, 11, 12, 13, 14, 15), c(1, 
    2, 3, 4, 6, 9, 11, 12, 13, 14, 15, 16), c(1, 2, 3, 4, 6, 
    9, 11, 12, 13, 15), c(1, 2, 3, 4, 6, 9, 13, 14, 15), c(1, 
    2, 3, 4, 6, 9, 14, 15), c(1, 2, 3, 4, 6, 9, 15), c(1, 2, 
    3, 5, 7, 8, 9, 10, 11, 12, 13, 14, 15, 16), c(1, 2, 5, 7, 
    8, 9, 10, 11, 12, 13, 14, 15, 16), c(1, 2, 5, 7, 8, 9, 10, 
    12, 13, 14, 15, 16), c(1, 2, 5, 7, 8, 9, 10, 13, 14, 15, 
    16), c(1, 2, 5, 7, 8, 9, 10, 13, 15), c(1, 2, 5, 7, 8, 9, 
    10, 13, 15, 16), c(1, 2, 5, 7, 8, 10, 13, 15), c(1, 2, 5, 
    7, 8, 13, 15), c(1, 2, 5, 7, 13, 15), c(1, 2, 7, 13, 15), 
    c(1, 3, 4, 6, 7, 9, 11, 12, 13, 14), c(1, 3, 4, 6, 7, 9, 
    11, 12, 13, 14, 16), c(1, 3, 4, 6, 9), c(1, 7, 13), c(1, 
    7, 13, 15), c(1, 13), 2, c(2, 3, 4, 5, 6, 7, 8, 9, 10, 13, 
    14, 15, 16), c(2, 3, 4, 5, 7, 8, 9, 10, 13, 14, 15), c(2, 
    3, 4, 5, 7, 8, 9, 10, 13, 14, 15, 16), c(2, 3, 4, 5, 7, 8, 
    9, 10, 13, 15), c(2, 3, 4, 5, 7, 9, 10, 13, 15), c(2, 3, 
    4, 6, 7, 9, 10, 13, 14, 15, 16), c(2, 3, 4, 6, 9, 11), c(2, 
    3, 4, 6, 9, 11, 12), c(2, 3, 4, 6, 9, 11, 12, 13), c(2, 3, 
    5, 7, 9, 10, 13), c(2, 3, 5, 7, 9, 10, 13, 15), c(2, 4, 6, 
    7, 9, 10, 13, 14, 15, 16), c(2, 5, 7, 9, 10, 13), 3, c(3, 
    4, 6, 7), c(3, 4, 6, 7, 9, 11, 12, 13, 14), c(3, 4, 6, 7, 
    9, 11, 13), c(3, 4, 6, 7, 9, 11, 13, 14), c(3, 4, 6, 7, 11
    ), c(3, 4, 6, 7, 11, 13), c(3, 4, 6, 9), c(3, 4, 6, 9, 11
    ), c(3, 4, 6, 11), c(3, 6, 7), c(3, 6, 9), c(3, 7), 4, c(4, 
    6, 7, 9, 10, 13, 14, 15, 16), c(4, 6, 7, 9, 10, 14, 15, 16
    ), c(4, 6, 7, 9, 14, 15), c(4, 6, 7, 9, 14, 15, 16), c(4, 
    6, 7, 9, 15), c(4, 6, 11), 5, c(5, 7, 9, 10), c(5, 7, 9, 
    10, 13), c(5, 9), c(5, 9, 10), 6, c(6, 7, 9, 15), c(6, 7, 
    15), c(6, 9), c(6, 11), 7, c(7, 15), 8, 9, 10, 11, 12, 13, 
    14, 15, 16), powers = c(6, -6, -1, -1, -1, -1, -3, -1, -1, 
-1, -1, -1, -1, -1, -1, -1, -1, -1, -1, -1, -1, -1, -1, -1, -1, 
-1, -1, -1, -1, -1, -1, -1, -1, -1, -1, -1, -1, -1, -1, -1, -1, 
-1, -1, -1, 6, -1, -1, -1, -1, -1, -1, -1, -1, -1, -1, -1, -1, 
-1, 5, -1, -1, -1, -1, -1, -1, -1, -1, -1, -1, -1, -1, 6, -1, 
-1, -1, -1, -1, -1, 5, -1, -1, -1, -1, 5, -1, -1, -1, -1, 5, 
-1, 6, 6, 6, 5, 6, 5, 6, 6, 6), pnames = c("Annie_Kunz", "Chari_Hawkins", 
"Ekaterina_Voronina", "Emma_Oosterwegel", "Erica_Bougard", "Geraldine_Ruckstuhl", 
"Hanne_Maudens", "Katarina_Johnson-Thompson", "Katerina_Cachova", 
"Kendell_Williams", "Nadine_Broersen", "Nafissatou_Thiam", "Noor_Vidts", 
"Odile_Ahouanwanou", "Solene_Ndama", "Verena_Preiner")), class = "hyper2")
