## See file inst/collusion_stockholm.R.  That file creates likelihood
## functions 'H' and 'H_coll' which appear hear as `interzonal` and
## `collusion` respectively.


`interzonal` <-   
structure(list(brackets = list(c(1, 2, 3, 4), c(1, 2, 3, 5), 
    c(1, 2, 3, 6), c(1, 2, 3, 7), c(1, 2, 3, 8), c(1, 2, 3, 9
    ), c(1, 2, 3, 10), c(1, 2, 3, 11), c(1, 2, 3, 12), c(1, 2, 
    3, 13), c(1, 2, 3, 14), c(1, 2, 3, 15), c(1, 2, 3, 16), c(1, 
    2, 3, 17), c(1, 2, 3, 18), c(1, 2, 3, 19), c(1, 2, 3, 20), 
    c(1, 2, 3, 21), c(1, 2, 3, 22), c(1, 2, 3, 23), c(1, 2, 3, 
    24), c(1, 2, 3, 25), c(1, 2, 4, 5), c(1, 2, 4, 6), c(1, 2, 
    4, 7), c(1, 2, 4, 8), c(1, 2, 4, 9), c(1, 2, 4, 10), c(1, 
    2, 4, 11), c(1, 2, 4, 12), c(1, 2, 4, 13), c(1, 2, 4, 14), 
    c(1, 2, 4, 15), c(1, 2, 4, 16), c(1, 2, 4, 17), c(1, 2, 4, 
    18), c(1, 2, 4, 19), c(1, 2, 4, 20), c(1, 2, 4, 21), c(1, 
    2, 4, 22), c(1, 2, 4, 23), c(1, 2, 4, 24), c(1, 2, 4, 25), 
    c(1, 2, 5, 6), c(1, 2, 5, 7), c(1, 2, 5, 8), c(1, 2, 5, 9
    ), c(1, 2, 5, 10), c(1, 2, 5, 11), c(1, 2, 5, 12), c(1, 2, 
    5, 13), c(1, 2, 5, 14), c(1, 2, 5, 15), c(1, 2, 5, 16), c(1, 
    2, 5, 17), c(1, 2, 5, 18), c(1, 2, 5, 19), c(1, 2, 5, 20), 
    c(1, 2, 5, 21), c(1, 2, 5, 22), c(1, 2, 5, 23), c(1, 2, 5, 
    24), c(1, 2, 5, 25), c(1, 2, 6, 7), c(1, 2, 6, 8), c(1, 2, 
    6, 9), c(1, 2, 6, 10), c(1, 2, 6, 11), c(1, 2, 6, 12), c(1, 
    2, 6, 13), c(1, 2, 6, 14), c(1, 2, 6, 15), c(1, 2, 6, 16), 
    c(1, 2, 6, 17), c(1, 2, 6, 18), c(1, 2, 6, 19), c(1, 2, 6, 
    20), c(1, 2, 6, 21), c(1, 2, 6, 22), c(1, 2, 6, 23), c(1, 
    2, 6, 24), c(1, 2, 6, 25), c(1, 2, 7, 8), c(1, 2, 7, 9), 
    c(1, 2, 7, 10), c(1, 2, 7, 11), c(1, 2, 7, 12), c(1, 2, 7, 
    13), c(1, 2, 7, 14), c(1, 2, 7, 15), c(1, 2, 7, 16), c(1, 
    2, 7, 17), c(1, 2, 7, 18), c(1, 2, 7, 19), c(1, 2, 7, 20), 
    c(1, 2, 7, 21), c(1, 2, 7, 22), c(1, 2, 7, 23), c(1, 2, 7, 
    24), c(1, 2, 7, 25), c(1, 2, 8, 9), c(1, 2, 8, 10), c(1, 
    2, 8, 11), c(1, 2, 8, 12), c(1, 2, 8, 13), c(1, 2, 8, 14), 
    c(1, 2, 8, 15), c(1, 2, 8, 16), c(1, 2, 8, 17), c(1, 2, 8, 
    18), c(1, 2, 8, 19), c(1, 2, 8, 20), c(1, 2, 8, 21), c(1, 
    2, 8, 22), c(1, 2, 8, 23), c(1, 2, 8, 24), c(1, 2, 8, 25), 
    c(1, 2, 9, 10), c(1, 2, 9, 11), c(1, 2, 9, 12), c(1, 2, 9, 
    13), c(1, 2, 9, 14), c(1, 2, 9, 15), c(1, 2, 9, 16), c(1, 
    2, 9, 17), c(1, 2, 9, 18), c(1, 2, 9, 19), c(1, 2, 9, 20), 
    c(1, 2, 9, 21), c(1, 2, 9, 22), c(1, 2, 9, 23), c(1, 2, 9, 
    24), c(1, 2, 9, 25), c(1, 2, 10, 11), c(1, 2, 10, 12), c(1, 
    2, 10, 13), c(1, 2, 10, 14), c(1, 2, 10, 15), c(1, 2, 10, 
    16), c(1, 2, 10, 17), c(1, 2, 10, 18), c(1, 2, 10, 19), c(1, 
    2, 10, 20), c(1, 2, 10, 21), c(1, 2, 10, 22), c(1, 2, 10, 
    23), c(1, 2, 10, 24), c(1, 2, 10, 25), c(1, 2, 11, 12), c(1, 
    2, 11, 13), c(1, 2, 11, 14), c(1, 2, 11, 15), c(1, 2, 11, 
    16), c(1, 2, 11, 17), c(1, 2, 11, 18), c(1, 2, 11, 19), c(1, 
    2, 11, 20), c(1, 2, 11, 21), c(1, 2, 11, 22), c(1, 2, 11, 
    23), c(1, 2, 11, 24), c(1, 2, 11, 25), c(1, 2, 12, 13), c(1, 
    2, 12, 14), c(1, 2, 12, 15), c(1, 2, 12, 16), c(1, 2, 12, 
    17), c(1, 2, 12, 18), c(1, 2, 12, 19), c(1, 2, 12, 20), c(1, 
    2, 12, 21), c(1, 2, 12, 22), c(1, 2, 12, 23), c(1, 2, 12, 
    24), c(1, 2, 12, 25), c(1, 2, 13, 14), c(1, 2, 13, 15), c(1, 
    2, 13, 16), c(1, 2, 13, 17), c(1, 2, 13, 18), c(1, 2, 13, 
    19), c(1, 2, 13, 20), c(1, 2, 13, 21), c(1, 2, 13, 22), c(1, 
    2, 13, 23), c(1, 2, 13, 24), c(1, 2, 13, 25), c(1, 2, 14, 
    15), c(1, 2, 14, 16), c(1, 2, 14, 17), c(1, 2, 14, 18), c(1, 
    2, 14, 19), c(1, 2, 14, 20), c(1, 2, 14, 21), c(1, 2, 14, 
    22), c(1, 2, 14, 23), c(1, 2, 14, 24), c(1, 2, 14, 25), c(1, 
    2, 15, 16), c(1, 2, 15, 17), c(1, 2, 15, 18), c(1, 2, 15, 
    19), c(1, 2, 15, 20), c(1, 2, 15, 21), c(1, 2, 15, 22), c(1, 
    2, 15, 23), c(1, 2, 15, 24), c(1, 2, 15, 25), c(1, 2, 16, 
    17), c(1, 2, 16, 18), c(1, 2, 16, 19), c(1, 2, 16, 20), c(1, 
    2, 16, 21), c(1, 2, 16, 22), c(1, 2, 16, 23), c(1, 2, 16, 
    24), c(1, 2, 16, 25), c(1, 2, 17, 18), c(1, 2, 17, 19), c(1, 
    2, 17, 20), c(1, 2, 17, 21), c(1, 2, 17, 22), c(1, 2, 17, 
    23), c(1, 2, 17, 24), c(1, 2, 17, 25), c(1, 2, 18, 19), c(1, 
    2, 18, 20), c(1, 2, 18, 21), c(1, 2, 18, 22), c(1, 2, 18, 
    23), c(1, 2, 18, 24), c(1, 2, 18, 25), c(1, 2, 19, 20), c(1, 
    2, 19, 21), c(1, 2, 19, 22), c(1, 2, 19, 23), c(1, 2, 19, 
    24), c(1, 2, 19, 25), c(1, 2, 20, 21), c(1, 2, 20, 22), c(1, 
    2, 20, 23), c(1, 2, 20, 24), c(1, 2, 20, 25), c(1, 2, 21, 
    22), c(1, 2, 21, 23), c(1, 2, 21, 24), c(1, 2, 21, 25), c(1, 
    2, 22, 23), c(1, 2, 22, 24), c(1, 2, 22, 25), c(1, 2, 23, 
    24), c(1, 2, 23, 25), c(1, 2, 24, 25), c(1, 3), c(1, 4), 
    c(1, 5), c(1, 6), c(1, 7), c(1, 8), c(1, 9), c(1, 10), c(1, 
    11), c(1, 12), c(1, 13), c(1, 14), c(1, 15), c(1, 16), c(1, 
    17), c(1, 18), c(1, 19), c(1, 20), c(1, 21), c(1, 22), c(1, 
    23), c(1, 24), c(1, 25), 2, 3, 4, 6, 7, 8, 9, 10, 11, 12, 
    13, 14, 15, 16, 17, 18, 21, 23, 24, 25), powers = c(-1, -1, 
-1, -1, -1, -1, -1, -1, -1, -1, -1, -1, -1, -1, -1, -1, -1, -1, 
-1, -1, -1, -1, -1, -1, -1, -1, -1, -1, -1, -1, -1, -1, -1, -1, 
-1, -1, -1, -1, -1, -1, -1, -1, -1, -1, -1, -1, -1, -1, -1, -1, 
-1, -1, -1, -1, -1, -1, -1, -1, -1, -1, -1, -1, -1, -1, -1, -1, 
-1, -1, -1, -1, -1, -1, -1, -1, -1, -1, -1, -1, -1, -1, -1, -1, 
-1, -1, -1, -1, -1, -1, -1, -1, -1, -1, -1, -1, -1, -1, -1, -1, 
-1, -1, -1, -3, -1, -1, -1, -1, -1, -1, -1, -1, -1, -1, -1, -1, 
-1, -1, -1, -2, -1, -1, -1, -1, -1, -1, -1, -1, -1, -1, -1, -1, 
-1, -1, -1, -1, -1, -1, -1, -1, -1, -1, -1, -1, -1, -1, -1, -1, 
-1, -1, -1, -1, -1, -1, -1, -1, -1, -1, -1, -1, -1, -1, -1, -1, 
-1, -1, -1, -1, -1, -1, -1, -1, -1, -1, -1, -1, -1, -1, -1, -1, 
-1, -1, -1, -1, -1, -1, -1, -1, -1, -1, -1, -1, -1, -1, -1, -1, 
-1, -1, -1, -1, -1, -1, -1, -1, -1, -1, -1, -1, -1, -1, -1, -1, 
-1, -1, -1, -1, -1, -1, -1, -1, -1, -1, -1, -1, -1, -1, -1, -1, 
-1, -1, -1, -1, -1, -1, -1, -1, -1, -1, -1, -1, -1, -1, -1, -1, 
-1, -1, -1, -1, -1, -1, -1, -1, -1, -1, -1, 7, 6, 8, 8, 5, 3, 
6, 6, 6, 4, 6, 6, 3, 3, 5, 3, 3, 1, 2, 2, 1, 3, 1, 110, 6, 4, 
1, 3, 4, 2, 5, 4, 4, 1, 2, 2, 2, 2, 1, 1, 2, 1, 1), pnames = c("white", 
"draw", "Fischer", "Geller", "Petrosian", "Korchnoi", "Filip", 
"Gligoric", "Benko", "Stein", "Uhlmann", "Portisch", "Pomar", 
"Olafsson", "Bolbochan", "Barcza", "Bilek", "Bisguier", "Yanofsky", 
"Bertok", "German", "Schweber", "Teschner", "Cuellar", "Aaron"
)), class = "hyper2")

