`karate` <-
structure(list(brackets = list(1, c(1, 36), 2, c(2, 3), c(2, 
35), 3, c(3, 23), c(3, 80), 4, c(4, 7), c(4, 18), c(4, 20), c(4, 
25), c(4, 79), c(4, 80), c(5, 31), 6, c(6, 50), 7, c(7, 63), 
    8, c(8, 22), c(8, 75), c(9, 55), 10, c(10, 72), 11, c(11, 
    39), c(11, 49), 12, c(12, 15), c(12, 19), c(12, 20), c(12, 
    47), c(12, 64), c(12, 81), c(13, 28), c(14, 34), 15, c(15, 
    29), c(15, 47), c(15, 55), c(16, 39), 17, c(17, 52), 18, 
    c(18, 20), c(18, 43), c(18, 45), c(18, 65), c(18, 74), c(19, 
    81), 20, c(20, 65), c(20, 66), c(20, 73), c(20, 80), c(21, 
    73), 22, 23, c(23, 54), c(24, 57), 25, c(25, 42), c(26, 70
    ), 27, c(27, 47), 28, c(28, 34), c(28, 40), c(28, 80), 29, 
    c(29, 44), c(29, 47), c(29, 57), c(29, 78), 30, c(30, 81), 
    31, c(31, 60), c(32, 69), 33, c(33, 57), c(33, 69), 34, c(34, 
    70), 35, 36, c(36, 43), 37, c(37, 41), c(37, 53), 38, c(38, 
    48), c(38, 59), 39, 42, 43, 44, c(44, 61), c(46, 47), 47, 
    c(47, 64), c(47, 81), 48, 49, c(49, 68), 51, c(51, 64), c(51, 
    67), 52, c(52, 64), 53, c(53, 64), c(53, 72), 55, 56, c(56, 
    70), 57, 58, c(58, 79), 59, 60, c(60, 80), 61, 62, c(62, 
    71), 64, 65, c(65, 66), c(65, 73), 68, 69, 70, 71, c(71, 
    82), 72, 73, 74, 75, c(76, 78), c(77, 79), 78, 79, 80, 81, 
    82), powers = c(1, -4, 3, -4, -5, 10, -3, -8, 31, -13, -9, 
-1, -8, -9, -4, -1, 1, -1, 10, -6, 8, -4, -8, -4, 1, -5, 3, -5, 
-6, 17, -2, -1, -11, -5, -5, -2, -1, -1, 10, -4, -9, -1, -4, 
3, -6, 16, -3, -1, -5, -1, -8, -3, 18, -1, -2, -4, -4, -2, 3, 
5, -4, -4, 7, -9, -1, 2, -5, 19, -10, -8, -13, 8, -4, -1, -1, 
-3, 2, -8, 1, -5, -3, 4, -3, -3, 7, -1, 2, 3, -9, 6, -4, -5, 
3, -5, -4, 9, 2, 9, 2, -4, -2, 20, -8, -7, 5, 9, -8, 7, -9, -4, 
4, -3, 5, -4, -2, 4, 1, -3, 6, 1, -3, 1, 5, -1, 2, 2, -5, 17, 
5, -2, -6, 2, 3, 3, 3, -2, 4, 5, 2, 1, -1, -1, 2, 7, 16, 12, 
2), pnames = c("akondzo", "alhadharim", "alkhathami", "almasatfa", 
"avila", "balcius", "bodrovs", "bouakel", "catro", "cenaj", "cheung", 
"dacosta", "daraghma", "delgado", "derafshipour", "dimitrov", 
"diouf", "elsawy", "ferreras", "figueira", "fillies", "galvez", 
"gidakos", "gill", "gordillo", "gorenc", "gudmundsson", "gutierrez", 
"hasanov", "hodzic", "hollowood", "homola", "jihwan", "joksic", 
"karkkalainen", "kavanagh", "khani", "krautsou", "kuhn", "limam", 
"lindelauf", "loannides", "maresca", "matthiasen", "mendez", 
"mertel", "mora", "muratov", "murtazaliev", "narkiniemi", "ngamphuengphit", 
"nievas", "noriega", "nyoni", "oneil", "pak", "pataridze", "petkov", 
"pokorny", "poshen", "povrzenic", "rodionov", "rodriguiez", "rolle", 
"rosiello", "sabiecki", "sawadogo", "shafei", "sharma", "shinohara", 
"sijercic", "suleimani", "tadissi", "tawfik", "teodorescu", "thomas", 
"toli", "uygur", "uzakov", "velozo", "zakaria", "zhiwei")), class = "hyper2")

`karate_table` <-
structure(list(karateka1 = structure(c(15L, 54L, 10L, 46L, 46L, 
14L, 46L, 55L, 13L, 35L, 4L, 35L, 22L, 26L, 42L, 31L, 40L, 22L, 
2L, 17L, 29L, 20L, 50L, 25L, 54L, 3L, 50L, 54L, 20L, 54L, 43L, 
53L, 32L, 13L, 1L, 15L, 51L, 53L, 19L, 44L, 13L, 27L, 15L, 16L, 
4L, 13L, 15L, 53L, 13L, 4L, 28L, 47L, 34L, 5L, 55L, 28L, 8L, 
37L, 12L, 35L, 14L, 38L, 45L, 35L, 55L, 38L, 35L, 45L, 7L, 6L, 
48L, 23L, 33L, 39L, 6L, 36L, 30L, 49L, 18L, 33L, 52L, 9L, 24L, 
21L, 41L, 11L), .Label = c("akondzo", "alhadharim", "alkhathami", 
"almasatfa", "balcius", "bouakel", "catro", "cenaj", "cheung", 
"dacosta", "derafshipour", "diouf", "elsawy", "ferreras", "figueira", 
"fillies", "gidakos", "gill", "gordillo", "gutierrez", "hasanov", 
"hollowood", "homola", "jihwan", "joksic", "karkkalainen", "kavanagh", 
"khani", "krautsou", "kuhn", "limam", "loannides", "matthiasen", 
"mertel", "mora", "murtazaliev", "ngamphuengphit", "noriega", 
"oneil", "pak", "pataridze", "pokorny", "rodionov", "rodriguiez", 
"rolle", "rosiello", "sawadogo", "shafei", "sharma", "shinohara", 
"sijercic", "uygur", "uzakov", "velozo", "zakaria"), class = "factor"), 
    wins1 = c(5L, 1L, 2L, 2L, 3L, 0L, 0L, 3L, 2L, 5L, 2L, 3L, 
    1L, 2L, 1L, 0L, 1L, 0L, 0L, 4L, 0L, 1L, 1L, 1L, 1L, 2L, 0L, 
    4L, 5L, 8L, 2L, 1L, 2L, 6L, 1L, 1L, 0L, 2L, 0L, 0L, 5L, 0L, 
    2L, 0L, 9L, 1L, 4L, 4L, 1L, 0L, 4L, 0L, 0L, 1L, 6L, 2L, 1L, 
    3L, 3L, 3L, 0L, 2L, 2L, 1L, 0L, 0L, 2L, 2L, 0L, 7L, 2L, 0L, 
    2L, 0L, 1L, 3L, 4L, 0L, 0L, 0L, 1L, 0L, 1L, 2L, 0L, 3L), 
    karateka2 = structure(c(7L, 13L, 10L, 45L, 50L, 57L, 12L, 
    30L, 3L, 43L, 56L, 10L, 4L, 1L, 25L, 19L, 47L, 41L, 2L, 37L, 
    31L, 8L, 17L, 9L, 41L, 15L, 23L, 2L, 23L, 19L, 48L, 54L, 
    16L, 51L, 24L, 44L, 58L, 40L, 3L, 5L, 29L, 28L, 45L, 50L, 
    5L, 28L, 50L, 3L, 13L, 13L, 27L, 34L, 30L, 33L, 21L, 36L, 
    49L, 43L, 35L, 18L, 7L, 49L, 35L, 20L, 7L, 43L, 7L, 7L, 38L, 
    52L, 32L, 46L, 42L, 10L, 14L, 6L, 11L, 22L, 39L, 20L, 53L, 
    26L, 39L, 55L, 20L, 20L), .Label = c("alhadharim", "alkhathami", 
    "almasatfa", "avila", "bodrovs", "cheung", "dacosta", "daraghma", 
    "delgado", "derafshipour", "dimitrov", "elsawy", "figueira", 
    "galvez", "gidakos", "gordillo", "gorenc", "gudmundsson", 
    "gutierrez", "hasanov", "hodzic", "jihwan", "joksic", "kavanagh", 
    "krautsou", "kuhn", "lindelauf", "maresca", "mendez", "mora", 
    "muratov", "murtazaliev", "narkiniemi", "ngamphuengphit", 
    "nievas", "noriega", "nyoni", "oneil", "pataridze", "petkov", 
    "poshen", "povrzenic", "rolle", "rosiello", "sabiecki", "sharma", 
    "shinohara", "sijercic", "suleimani", "tadissi", "tawfik", 
    "teodorescu", "thomas", "toli", "uygur", "velozo", "zakaria", 
    "zhiwei"), class = "factor"), wins2 = c(6L, 3L, 0L, 0L, 3L, 
    3L, 1L, 4L, 7L, 3L, 2L, 6L, 0L, 3L, 3L, 8L, 2L, 5L, 4L, 0L, 
    5L, 0L, 0L, 0L, 0L, 1L, 1L, 4L, 5L, 5L, 3L, 0L, 7L, 2L, 3L, 
    0L, 2L, 1L, 8L, 6L, 0L, 9L, 0L, 2L, 4L, 0L, 0L, 5L, 2L, 1L, 
    0L, 4L, 2L, 0L, 2L, 3L, 4L, 6L, 3L, 2L, 1L, 0L, 1L, 0L, 2L, 
    4L, 3L, 3L, 4L, 1L, 6L, 3L, 2L, 1L, 3L, 3L, 0L, 3L, 4L, 4L, 
    0L, 5L, 2L, 1L, 1L, 1L), group = structure(c(2L, 24L, 24L, 
    20L, 21L, 21L, 22L, 22L, 23L, 23L, 1L, 1L, 3L, 3L, 3L, 3L, 
    3L, 4L, 4L, 4L, 4L, 4L, 4L, 4L, 5L, 5L, 5L, 6L, 6L, 19L, 
    7L, 7L, 7L, 7L, 7L, 7L, 8L, 8L, 8L, 8L, 8L, 8L, 8L, 8L, 9L, 
    9L, 9L, 10L, 10L, 19L, 11L, 11L, 11L, 11L, 11L, 12L, 12L, 
    12L, 12L, 12L, 12L, 13L, 13L, 13L, 13L, 14L, 14L, 19L, 15L, 
    15L, 15L, 15L, 15L, 16L, 16L, 16L, 16L, 16L, 16L, 16L, 16L, 
    17L, 17L, 17L, 18L, 19L), .Label = c("bronze_medal", "finals", 
    "pool_A_prelim", "pool_A_round_1", "pool_A_round_2", "pool_A_round_3", 
    "pool_B_prelim", "pool_B_round_1", "pool_B_round_2", "pool_B_round_3", 
    "pool_C_prelim", "pool_C_round_1", "pool_C_round_2", "pool_C_round_3", 
    "pool_D_prelim", "pool_D_round_1", "pool_D_round_2", "pool_D_round_3", 
    "quarterfinal", "repechage", "repechage2", "repechage3", 
    "repechage4", "semifinal"), class = "factor")),
class = "data.frame", row.names = c(NA,  -86L))
