`motoGP_2019_table` <-
structure(list(driver = structure(c(12L, 6L, 27L, 23L, 21L, 19L, 
24L, 13L, 5L, 15L, 18L, 14L, 16L, 1L, 3L, 8L, 17L, 28L, 11L, 
22L, 4L, 20L, 26L, 2L, 7L, 9L, 25L, 10L), .Label = c("A_Espargaro", 
"Abraham", "Bagnaia", "Bradl", "Crutchlow", "Dovizioso", "Guintoli", 
"Iannone", "Kallio", "Lecuona", "Lorenzo", "Marquez", "Miller", 
"Mir", "Morbidelli", "Nakagami", "Oliveira", "P_Espargaro", "Petrucci", 
"Pirro", "Quartararo", "Rabat", "Rins", "Rossi", "Smith", "Syahrin", 
"Vinales", "Zarco"), class = "factor"), QAT = structure(c(13L, 
2L, 19L, 16L, 9L, 18L, 17L, 22L, 15L, 4L, 5L, 20L, 21L, 3L, 22L, 
7L, 10L, 8L, 6L, 12L, 1L, 1L, 14L, 11L, 1L, 1L, 22L, 1L), .Label = c("0", 
"1", "10", "11", "12", "13", "14", "15", "16", "17", "18", "19", 
"2", "20", "3", "4", "5", "6", "7", "8", "9", "Ret"), class = "factor"), 
    ARG = structure(c(2L, 12L, 19L, 14L, 17L, 15L, 11L, 13L, 
    6L, 19L, 3L, 19L, 16L, 18L, 7L, 10L, 4L, 8L, 5L, 19L, 1L, 
    1L, 9L, 19L, 1L, 1L, 1L, 1L), .Label = c("0", "1", "10", 
    "11", "12", "13", "14", "15", "16", "17", "2", "3", "4", 
    "5", "6", "7", "8", "9", "Ret"), class = "factor"), AME = structure(c(20L, 
    14L, 4L, 2L, 17L, 16L, 12L, 13L, 20L, 15L, 18L, 10L, 3L, 
    20L, 19L, 5L, 7L, 6L, 20L, 8L, 1L, 1L, 11L, 9L, 1L, 1L, 1L, 
    1L), .Label = c("0", "1", "10", "11", "12", "13", "14", "15", 
    "16", "17", "18", "2", "3", "4", "5", "6", "7", "8", "9", 
    "Ret"), class = "factor"), SPA = structure(c(2L, 15L, 14L, 
    13L, 22L, 16L, 17L, 22L, 19L, 18L, 6L, 22L, 20L, 4L, 22L, 
    21L, 11L, 7L, 5L, 8L, 3L, 1L, 12L, 9L, 1L, 1L, 10L, 1L), .Label = c("0", 
    "1", "10", "11", "12", "13", "14", "15", "16", "17", "18", 
    "19", "2", "3", "4", "5", "6", "7", "8", "9", "DNS", "Ret"
    ), class = "factor"), FRA = structure(c(2L, 10L, 19L, 3L, 
    16L, 11L, 13L, 12L, 17L, 15L, 14L, 9L, 19L, 5L, 19L, 19L, 
    8L, 6L, 4L, 19L, 1L, 1L, 7L, 18L, 1L, 1L, 1L, 1L), .Label = c("0", 
    "1", "10", "11", "12", "13", "14", "15", "16", "2", "3", 
    "4", "5", "6", "7", "8", "9", "DSQ", "Ret"), class = "factor"), 
    ITA = structure(c(11L, 12L, 15L, 13L, 3L, 2L, 19L, 19L, 17L, 
    19L, 18L, 5L, 14L, 4L, 19L, 8L, 9L, 10L, 6L, 19L, 1L, 16L, 
    19L, 7L, 1L, 1L, 1L, 1L), .Label = c("0", "1", "10", "11", 
    "12", "13", "14", "15", "16", "17", "2", "3", "4", "5", "6", 
    "7", "8", "9", "Ret"), class = "factor"), CAT = structure(c(2L, 
    15L, 15L, 9L, 7L, 8L, 15L, 10L, 15L, 15L, 12L, 11L, 13L, 
    15L, 15L, 4L, 5L, 3L, 15L, 14L, 1L, 1L, 15L, 15L, 6L, 1L, 
    15L, 1L), .Label = c("0", "1", "10", "11", "12", "13", "2", 
    "3", "4", "5", "6", "7", "8", "9", "Ret"), class = "factor"), 
    NED = structure(c(11L, 13L, 2L, 20L, 12L, 15L, 20L, 18L, 
    16L, 14L, 4L, 17L, 20L, 5L, 7L, 3L, 6L, 20L, 19L, 9L, 1L, 
    1L, 8L, 10L, 1L, 1L, 1L, 1L), .Label = c("0", "1", "10", 
    "11", "12", "13", "14", "15", "16", "17", "2", "3", "4", 
    "5", "6", "7", "8", "9", "DNS", "Ret"), class = "factor"), 
    GER = structure(c(2L, 15L, 12L, 20L, 20L, 14L, 18L, 16L, 
    13L, 19L, 5L, 17L, 7L, 20L, 10L, 6L, 11L, 20L, 1L, 4L, 3L, 
    1L, 9L, 8L, 1L, 1L, 1L, 1L), .Label = c("0", "1", "10", "11", 
    "12", "13", "14", "15", "16", "17", "18", "2", "3", "4", 
    "5", "6", "7", "8", "9", "Ret"), class = "factor"), CZE = structure(c(2L, 
    13L, 3L, 16L, 19L, 20L, 18L, 15L, 17L, 22L, 4L, 22L, 21L, 
    11L, 5L, 10L, 6L, 7L, 1L, 9L, 8L, 1L, 22L, 12L, 14L, 1L, 
    1L, 1L), .Label = c("0", "1", "10", "11", "12", "13", "14", 
    "15", "16", "17", "18", "19", "2", "20", "3", "4", "5", "6", 
    "7", "8", "9", "Ret"), class = "factor"), AUT = structure(c(10L, 
    2L, 13L, 14L, 11L, 17L, 12L, 18L, 18L, 3L, 18L, 1L, 4L, 7L, 
    15L, 9L, 16L, 5L, 1L, 18L, 6L, 1L, 18L, 8L, 1L, 1L, 1L, 1L
    ), .Label = c("0", "1", "10", "11", "12", "13", "14", "15", 
    "16", "2", "3", "4", "5", "6", "7", "8", "9", "Ret"), class = "factor"), 
    GBR = structure(c(11L, 19L, 12L, 2L, 19L, 16L, 13L, 17L, 
    15L, 14L, 18L, 1L, 10L, 19L, 4L, 3L, 19L, 19L, 7L, 9L, 1L, 
    1L, 6L, 8L, 5L, 1L, 1L, 1L), .Label = c("0", "1", "10", "11", 
    "12", "13", "14", "15", "16", "17", "2", "3", "4", "5", "6", 
    "7", "8", "9", "Ret"), class = "factor"), RSM = structure(c(2L, 
    16L, 13L, 21L, 12L, 3L, 14L, 19L, 21L, 15L, 17L, 18L, 11L, 
    5L, 21L, 20L, 9L, 4L, 7L, 6L, 1L, 21L, 8L, 10L, 1L, 1L, 1L, 
    1L), .Label = c("0", "1", "10", "11", "12", "13", "14", "15", 
    "16", "17", "18", "2", "3", "4", "5", "6", "7", "8", "9", 
    "DNS", "Ret"), class = "factor"), ARA = structure(c(2L, 13L, 
    17L, 22L, 18L, 5L, 21L, 16L, 19L, 24L, 23L, 7L, 3L, 20L, 
    9L, 4L, 6L, 1L, 14L, 8L, 1L, 1L, 15L, 11L, 1L, 10L, 12L, 
    1L), .Label = c("0", "1", "10", "11", "12", "13", "14", "15", 
    "16", "17", "18", "19", "2", "20", "21", "3", "4", "5", "6", 
    "7", "8", "9", "DNS", "Ret"), class = "factor"), THA = structure(c(2L, 
    16L, 15L, 17L, 13L, 21L, 20L, 7L, 5L, 18L, 6L, 19L, 3L, 22L, 
    4L, 8L, 9L, 1L, 11L, 10L, 1L, 1L, 14L, 12L, 1L, 22L, 1L, 
    1L), .Label = c("0", "1", "10", "11", "12", "13", "14", "15", 
    "16", "17", "18", "19", "2", "20", "3", "4", "5", "6", "7", 
    "8", "9", "Ret"), class = "factor"), JPN = structure(c(2L, 
    15L, 16L, 19L, 13L, 21L, 23L, 3L, 17L, 18L, 4L, 20L, 9L, 
    8L, 6L, 23L, 5L, 1L, 10L, 22L, 1L, 1L, 12L, 11L, 14L, 7L, 
    1L, 1L), .Label = c("0", "1", "10", "11", "12", "13", "14", 
    "15", "16", "17", "18", "19", "2", "20", "3", "4", "5", "6", 
    "7", "8", "9", "DNS", "Ret"), class = "factor"), AUS = structure(c(2L, 
    15L, 19L, 17L, 19L, 19L, 16L, 11L, 10L, 4L, 5L, 13L, 1L, 
    3L, 12L, 14L, 18L, 6L, 9L, 19L, 1L, 1L, 8L, 7L, 1L, 19L, 
    1L, 1L), .Label = c("0", "1", "10", "11", "12", "13", "14", 
    "15", "16", "2", "3", "4", "5", "6", "7", "8", "9", "DNS", 
    "Ret"), class = "factor"), MAL = structure(c(11L, 12L, 2L, 
    14L, 16L, 18L, 13L, 17L, 20L, 15L, 4L, 3L, 1L, 6L, 5L, 20L, 
    19L, 20L, 7L, 1L, 1L, 1L, 9L, 10L, 1L, 8L, 1L, 1L), .Label = c("0", 
    "1", "10", "11", "12", "13", "14", "15", "16", "17", "2", 
    "3", "4", "5", "6", "7", "8", "9", "DNS", "Ret"), class = "factor"), 
    VAL = structure(c(2L, 11L, 13L, 12L, 9L, 18L, 15L, 10L, 18L, 
    18L, 3L, 14L, 1L, 16L, 17L, 18L, 1L, 18L, 6L, 4L, 1L, 18L, 
    8L, 7L, 1L, 5L, 1L, 18L), .Label = c("0", "1", "10", "11", 
    "12", "13", "14", "15", "2", "3", "4", "5", "6", "7", "8", 
    "9", "DNS", "Ret"), class = "factor"), points = c(420L, 269L, 
    211L, 205L, 192L, 176L, 174L, 165L, 133L, 115L, 100L, 92L, 
    74L, 63L, 54L, 43L, 33L, 30L, 28L, 23L, 16L, 9L, 9L, 9L, 
    7L, 7L, 0L, 0L)),
class = "data.frame", row.names = c(NA, -28L))

