`NBA_likelihood` <-
structure(list(brackets = list(c(1, 2, 3, 4, 5, 10, 11, 12, 13, 
14, 21), c(1, 2, 3, 4, 5, 10, 11, 13, 14, 17, 21), c(1, 2, 3, 
4, 5, 10, 11, 13, 15, 17, 21), c(1, 2, 3, 4, 5, 21), c(1, 2, 
4, 5, 9, 10, 11, 13, 14, 17, 21), c(1, 2, 4, 5, 9, 21), c(1, 
2, 4, 7, 9, 10, 11, 14, 17, 19, 21), c(1, 2, 4, 7, 9, 11, 14, 
15, 17, 19, 21), c(1, 2, 4, 7, 9, 21), c(1, 4, 5, 7, 9, 10, 11, 
14, 17, 19, 21), c(1, 4, 5, 7, 9, 21), c(2, 3, 4, 5, 6, 10, 11, 
12, 13, 14, 21), c(2, 3, 4, 5, 6, 10, 11, 13, 14, 17, 21), c(2, 
3, 4, 5, 6, 10, 11, 13, 15, 17, 21), c(2, 3, 4, 5, 6, 10, 11, 
13, 17, 18, 21), c(2, 3, 4, 5, 6, 10, 13, 17, 18, 19, 21), c(2, 
3, 4, 5, 6, 11, 13, 15, 17, 18, 21), c(2, 3, 4, 5, 6, 21), c(2, 
4, 5, 7, 9, 10, 13, 14, 17, 18, 21), c(2, 4, 5, 7, 9, 21), c(2, 
5, 6, 7, 9, 10, 13, 17, 18, 19, 21), c(2, 5, 6, 7, 9, 21), c(4, 
5, 7, 8, 9, 13, 16, 17, 18, 19, 21), c(4, 5, 7, 8, 9, 21)), powers = c(-8, 
-7, -2, 17, -5, 5, -3, -2, 5, -1, 1, -7, -9, -1, -1, -3, -2, 
23, -3, 3, -4, 4, -4, 4), pnames = c("Love", "James", "Thompson", 
"Irving", "Smith", "Jefferson", "Williams", "Shumpert", "Korver", 
"Green", "Durant", "Pachiuila", "Curry", "Thompson.1", "West", 
"Barnes", "Iguodala", "Livingston", "McCaw", "C_possession", 
"W_possession")), .Names = c("brackets", "powers", "pnames"), class = "hyper2")

`NBA` <- structure(list(time = c(11.41, 11.3, 11.22, 11.07, 10.49, 10.17, 
9.29, 8.59, 8.59, 8.48, 8.41, 8.26, 7.35, 7.01, 6.48, 6.26, 6.13, 
6.13, 5.52, 5.37, 5.37, 5.24, 4.48, 4.33, 3.45, 3.31, 3.19, 2.49, 
2.49, 2.17, 1.32, 1.32, 1.2, 1.2, 1.04, 1.04, 0.47, 0.47, 0.37, 
0.27, 0.05, 11.42, 10.43, 9.56, 8.37, 7.58, 7.41, 7.24, 6.37, 
6.16, 5.33, 5.33, 5, 4.39, 4.26, 4.13, 3.25, 3.08, 2.55, 2.45, 
2.31, 2.08, 1.5, 1.45, 1.09, 1.09, 0.4, 0.24, 0.06, 0.02, 11.44, 
11.18, 11.07, 10.52, 10.3, 10.18, 8.3, 7.52, 7.37, 7.16, 7.01, 
6.18, 6, 5.3, 5.3, 5.2, 5.05, 4.41, 4.41, 4.33, 4.33, 4.16, 3.58, 
3.33, 3.14, 2.54, 2.54, 1.47, 1.04, 0.58, 0.58, 0.38, 0.18, 11.34, 
11.18, 10.42, 10.22, 10.22, 10, 9.17, 9.17, 9, 8.27, 8.14, 7.41, 
7.18, 6.28, 6.13, 5.54, 5.01, 4.48, 4.31, 4.13, 3.38, 3.14, 2.59, 
2.45, 2.3, 0.42, 0.36, 0.15), points = c(2L, 1L, 2L, 2L, 3L, 
3L, 2L, 2L, 1L, 2L, 2L, 2L, 2L, 3L, 1L, 2L, 1L, 1L, 2L, 1L, 1L, 
2L, 2L, 2L, 2L, 2L, 2L, 2L, 1L, 2L, 1L, 1L, 1L, 1L, 1L, 1L, 1L, 
1L, 2L, 2L, 3L, 2L, 2L, 2L, 2L, 2L, 2L, 3L, 3L, 3L, 1L, 1L, 2L, 
2L, 2L, 3L, 3L, 1L, 3L, 2L, 1L, 2L, 3L, 2L, 1L, 1L, 3L, 2L, 2L, 
3L, 3L, 2L, 2L, 2L, 2L, 3L, 3L, 2L, 3L, 2L, 2L, 2L, 2L, 1L, 1L, 
1L, 2L, 1L, 1L, 1L, 1L, 2L, 2L, 2L, 3L, 1L, 1L, 1L, 2L, 1L, 1L, 
2L, 3L, 2L, 2L, 3L, 2L, 1L, 3L, 1L, 1L, 1L, 3L, 2L, 2L, 2L, 2L, 
2L, 2L, 2L, 2L, 2L, 2L, 2L, 2L, 3L, 2L, 2L, 3L, 2L, 3L), possession = structure(c(1L, 
2L, 1L, 1L, 2L, 1L, 1L, 2L, 2L, 2L, 2L, 2L, 1L, 2L, 2L, 1L, 2L, 
1L, 1L, 1L, 2L, 2L, 1L, 1L, 2L, 2L, 1L, 2L, 1L, 1L, 2L, 1L, 1L, 
1L, 1L, 1L, 1L, 2L, 2L, 1L, 2L, 2L, 2L, 2L, 1L, 1L, 1L, 2L, 1L, 
1L, 1L, 2L, 1L, 1L, 1L, 2L, 1L, 1L, 1L, 2L, 1L, 2L, 1L, 2L, 1L, 
2L, 1L, 2L, 2L, 1L, 2L, 1L, 2L, 1L, 2L, 2L, 1L, 2L, 2L, 1L, 2L, 
2L, 2L, 1L, 2L, 1L, 2L, 1L, 1L, 2L, 2L, 1L, 2L, 2L, 2L, 1L, 1L, 
2L, 1L, 1L, 1L, 2L, 1L, 2L, 2L, 1L, 1L, 2L, 2L, 1L, 2L, 1L, 2L, 
2L, 1L, 1L, 2L, 1L, 2L, 1L, 1L, 2L, 1L, 1L, 2L, 1L, 2L, 1L, 2L, 
1L, 2L), .Label = c("C", "W"), class = "factor"), Team = structure(c(1L, 
2L, 2L, 1L, 2L, 2L, 1L, 1L, 1L, 1L, 1L, 2L, 1L, 1L, 2L, 1L, 2L, 
2L, 2L, 1L, 1L, 2L, 2L, 1L, 1L, 2L, 1L, 2L, 2L, 1L, 2L, 2L, 2L, 
2L, 2L, 2L, 1L, 1L, 2L, 1L, 1L, 1L, 1L, 2L, 2L, 2L, 1L, 2L, 2L, 
2L, 2L, 2L, 2L, 2L, 1L, 2L, 2L, 2L, 1L, 2L, 1L, 2L, 1L, 2L, 2L, 
2L, 1L, 1L, 2L, 1L, 2L, 1L, 2L, 1L, 1L, 2L, 1L, 1L, 2L, 1L, 1L, 
1L, 2L, 2L, 2L, 1L, 2L, 1L, 1L, 2L, 2L, 1L, 1L, 1L, 2L, 1L, 1L, 
2L, 2L, 1L, 1L, 2L, 1L, 1L, 2L, 2L, 1L, 1L, 2L, 2L, 2L, 1L, 1L, 
2L, 2L, 1L, 2L, 1L, 2L, 2L, 1L, 2L, 2L, 1L, 2L, 1L, 2L, 1L, 2L, 
1L, 1L), .Label = c("C", "W"), class = "factor"), Love = c(TRUE, 
TRUE, TRUE, TRUE, TRUE, TRUE, TRUE, FALSE, FALSE, FALSE, FALSE, 
FALSE, FALSE, FALSE, FALSE, FALSE, FALSE, FALSE, FALSE, FALSE, 
FALSE, FALSE, FALSE, FALSE, FALSE, FALSE, FALSE, FALSE, FALSE, 
FALSE, FALSE, FALSE, FALSE, FALSE, FALSE, FALSE, FALSE, FALSE, 
FALSE, FALSE, FALSE, TRUE, TRUE, TRUE, TRUE, TRUE, TRUE, TRUE, 
TRUE, TRUE, TRUE, TRUE, TRUE, TRUE, TRUE, TRUE, TRUE, TRUE, FALSE, 
FALSE, FALSE, FALSE, FALSE, FALSE, FALSE, FALSE, FALSE, FALSE, 
FALSE, FALSE, TRUE, TRUE, TRUE, TRUE, TRUE, TRUE, TRUE, TRUE, 
TRUE, TRUE, TRUE, TRUE, TRUE, FALSE, FALSE, FALSE, FALSE, FALSE, 
FALSE, FALSE, FALSE, FALSE, FALSE, FALSE, FALSE, FALSE, FALSE, 
FALSE, FALSE, FALSE, FALSE, FALSE, FALSE, TRUE, TRUE, TRUE, TRUE, 
TRUE, TRUE, TRUE, TRUE, TRUE, TRUE, TRUE, TRUE, TRUE, TRUE, TRUE, 
TRUE, TRUE, TRUE, TRUE, TRUE, TRUE, TRUE, TRUE, TRUE, TRUE, TRUE, 
TRUE, TRUE), James = c(TRUE, TRUE, TRUE, TRUE, TRUE, TRUE, TRUE, 
TRUE, TRUE, TRUE, TRUE, TRUE, TRUE, TRUE, TRUE, TRUE, TRUE, TRUE, 
TRUE, TRUE, TRUE, TRUE, TRUE, TRUE, TRUE, TRUE, TRUE, TRUE, TRUE, 
TRUE, TRUE, TRUE, TRUE, FALSE, FALSE, FALSE, FALSE, FALSE, FALSE, 
FALSE, FALSE, TRUE, TRUE, TRUE, TRUE, TRUE, TRUE, TRUE, TRUE, 
TRUE, TRUE, TRUE, TRUE, TRUE, TRUE, TRUE, TRUE, TRUE, TRUE, TRUE, 
TRUE, TRUE, TRUE, TRUE, TRUE, TRUE, TRUE, TRUE, TRUE, TRUE, TRUE, 
TRUE, TRUE, TRUE, TRUE, TRUE, TRUE, TRUE, TRUE, TRUE, TRUE, TRUE, 
TRUE, TRUE, TRUE, TRUE, TRUE, TRUE, TRUE, TRUE, TRUE, TRUE, TRUE, 
TRUE, TRUE, TRUE, TRUE, TRUE, TRUE, TRUE, TRUE, TRUE, TRUE, TRUE, 
TRUE, TRUE, TRUE, TRUE, TRUE, TRUE, FALSE, FALSE, TRUE, TRUE, 
TRUE, TRUE, TRUE, TRUE, TRUE, TRUE, TRUE, TRUE, TRUE, TRUE, TRUE, 
TRUE, TRUE, TRUE, TRUE, TRUE, TRUE), Thompson = c(TRUE, TRUE, 
TRUE, TRUE, TRUE, TRUE, TRUE, TRUE, TRUE, TRUE, TRUE, TRUE, TRUE, 
TRUE, TRUE, TRUE, TRUE, TRUE, TRUE, TRUE, TRUE, TRUE, TRUE, TRUE, 
TRUE, TRUE, TRUE, FALSE, FALSE, FALSE, FALSE, FALSE, FALSE, FALSE, 
FALSE, FALSE, FALSE, FALSE, FALSE, FALSE, FALSE, FALSE, FALSE, 
FALSE, TRUE, TRUE, TRUE, TRUE, TRUE, TRUE, TRUE, TRUE, TRUE, 
TRUE, TRUE, TRUE, TRUE, TRUE, TRUE, TRUE, TRUE, TRUE, TRUE, TRUE, 
FALSE, FALSE, FALSE, FALSE, FALSE, FALSE, TRUE, TRUE, TRUE, TRUE, 
TRUE, TRUE, TRUE, TRUE, TRUE, TRUE, TRUE, TRUE, TRUE, TRUE, TRUE, 
TRUE, TRUE, TRUE, TRUE, TRUE, TRUE, TRUE, TRUE, TRUE, TRUE, TRUE, 
TRUE, TRUE, FALSE, FALSE, FALSE, FALSE, FALSE, FALSE, FALSE, 
FALSE, FALSE, FALSE, FALSE, FALSE, FALSE, FALSE, FALSE, FALSE, 
FALSE, FALSE, FALSE, FALSE, FALSE, FALSE, FALSE, FALSE, FALSE, 
FALSE, TRUE, TRUE, TRUE, TRUE, TRUE, TRUE, TRUE), Irving = c(TRUE, 
TRUE, TRUE, TRUE, TRUE, TRUE, TRUE, TRUE, TRUE, TRUE, TRUE, TRUE, 
TRUE, TRUE, TRUE, TRUE, TRUE, TRUE, TRUE, TRUE, TRUE, TRUE, TRUE, 
TRUE, TRUE, TRUE, TRUE, FALSE, FALSE, FALSE, FALSE, FALSE, FALSE, 
TRUE, TRUE, TRUE, TRUE, TRUE, TRUE, TRUE, TRUE, TRUE, TRUE, TRUE, 
TRUE, TRUE, TRUE, TRUE, FALSE, FALSE, FALSE, TRUE, TRUE, TRUE, 
TRUE, TRUE, TRUE, TRUE, TRUE, TRUE, TRUE, TRUE, TRUE, TRUE, TRUE, 
TRUE, TRUE, TRUE, TRUE, TRUE, TRUE, TRUE, TRUE, TRUE, TRUE, TRUE, 
TRUE, TRUE, TRUE, TRUE, TRUE, TRUE, TRUE, TRUE, TRUE, TRUE, TRUE, 
TRUE, TRUE, TRUE, TRUE, TRUE, TRUE, TRUE, TRUE, TRUE, TRUE, FALSE, 
FALSE, FALSE, FALSE, FALSE, FALSE, TRUE, TRUE, TRUE, TRUE, TRUE, 
TRUE, TRUE, TRUE, TRUE, TRUE, TRUE, TRUE, TRUE, TRUE, TRUE, TRUE, 
TRUE, TRUE, TRUE, TRUE, TRUE, TRUE, TRUE, TRUE, TRUE, TRUE, TRUE, 
TRUE),