`NBA_likelihood` <-
structure(list(brackets = list(c(1, 2, 3, 4, 5, 10, 11, 12, 13, 
14, 21), c(1, 2, 3, 4, 5, 10, 11, 13, 14, 17, 21), c(1, 2, 3, 
4, 5, 10, 11, 13, 15, 17, 21), c(1, 2, 3, 4, 5, 21), c(1, 2, 
4, 5, 9, 10, 11, 13, 14, 17, 21), c(1, 2, 4, 5, 9, 21), c(1, 
2, 4, 7, 9, 10, 11, 14, 17, 19, 21), c(1, 2, 4, 7, 9, 11, 14, 
15, 17, 19, 21), c(1, 2, 4, 7, 9, 21), c(1, 4, 5, 7, 9, 10, 11, 
14, 17, 19, 21), c(1, 4, 5, 7, 9, 21), c(2, 3, 4, 5, 6, 10, 11, 
12, 13, 14, 21), c(2, 3, 4, 5, 6, 10, 11, 13, 14, 17, 21), c(2, 
3, 4, 5, 6, 10, 11, 13, 15, 17, 21), c(2, 3, 4, 5, 6, 10, 11, 
13, 17, 18, 21), c(2, 3, 4, 5, 6, 10, 13, 17, 18, 19, 21), c(2, 
3, 4, 5, 6, 11, 13, 15, 17, 18, 21), c(2, 3, 4, 5, 6, 21), c(2, 
4, 5, 7, 9, 10, 13, 14, 17, 18, 21), c(2, 4, 5, 7, 9, 21), c(2, 
5, 6, 7, 9, 10, 13, 17, 18, 19, 21), c(2, 5, 6, 7, 9, 21), c(4, 
5, 7, 8, 9, 13, 16, 17, 18, 19, 21), c(4, 5, 7, 8, 9, 21)), powers = c(-8, 
-7, -2, 17, -5, 5, -3, -2, 5, -1, 1, -7, -9, -1, -1, -3, -2, 
23, -3, 3, -4, 4, -4, 4), pnames = c("Love", "James", "Thompson", 
"Irving", "Smith", "Jefferson", "Williams", "Shumpert", "Korver", 
"Green", "Durant", "Pachiuila", "Curry", "Thompson.1", "West", 
"Barnes", "Iguodala", "Livingston", "McCaw", "C_possession", 
"W_possession")), .Names = c("brackets", "powers", "pnames"), class = "hyper2")
