`powerboat2019` <-
  structure(list(driver = structure(c(20L, 17L, 19L, 11L, 7L, 18L, 
2L, 15L, 9L, 1L, 5L, 6L, 13L, 21L, 10L, 8L, 3L, 14L, 16L, 4L, 
12L), .Label = c("AlHameli", "Andersson", "Benavente", "Bjerknaes", 
"Cantando", "Carella", "Chiappe", "Deguisne", "Edin", "Marszalek", 
"Morin", "R_AlQamzi", "Roms", "Schuft", "Selio", "Sookbuangbon", 
"Stark", "Stromoy", "T_AlQamzi", "Torrente", "Trask"), class = "factor"), 
    POR = structure(c(2L, 3L, 9L, 12L, 10L, 18L, 18L, 17L, 16L, 
    13L, 15L, 11L, 18L, 7L, 4L, 5L, 14L, 8L, 1L, 1L, 6L), .Label = c("0", 
    "1", "10", "11", "12", "13", "14", "15", "2", "3", "4", "5", 
    "6", "7", "8", "9", "DNS", "Ret"), class = "factor"), GBR = structure(c(14L, 
    2L, 7L, 6L, 5L, 10L, 14L, 8L, 14L, 11L, 14L, 14L, 13L, 9L, 
    13L, 12L, 3L, 14L, 1L, 4L, 1L), .Label = c("0", "1", "10", 
    "11", "2", "3", "4", "5", "6", "7", "8", "9", "DNS", "Ret"
    ), class = "factor"), FRA = structure(c(10L, 2L, 9L, 12L, 
    8L, 14L, 13L, 18L, 11L, 16L, 7L, 18L, 18L, 5L, 15L, 3L, 4L, 
    17L, 1L, 6L, 1L), .Label = c("0", "1", "10", "11", "12", 
    "13", "14", "15", "2", "3", "4", "5", "6", "7", "8", "9", 
    "DNS", "Ret"), class = "factor"), CHN = structure(c(2L, 8L, 
    7L, 12L, 10L, 13L, 9L, 16L, 14L, 11L, 15L, 16L, 5L, 16L, 
    3L, 4L, 16L, 15L, 6L, 1L, 1L), .Label = c("0", "1", "10", 
    "11", "12", "13", "2", "3", "4", "5", "6", "7", "8", "9", 
    "DNS", "Ret"), class = "factor"), IND = structure(c(2L, 5L, 
    13L, 6L, 13L, 4L, 13L, 12L, 8L, 10L, 7L, 13L, 9L, 13L, 13L, 
    13L, 13L, 11L, 3L, 1L, 1L), .Label = c("0", "1", "10", "2", 
    "3", "4", "5", "6", "7", "8", "9", "DNS", "Ret"), class = "factor"), 
    ABU = structure(c(10L, 16L, 2L, 6L, 12L, 8L, 16L, 7L, 16L, 
    15L, 9L, 16L, 3L, 16L, 11L, 13L, 4L, 5L, 14L, 1L, 1L), .Label = c("0", 
    "1", "10", "11", "13", "2", "3", "4", "5", "6", "7", "8", 
    "9", "DNP", "DNS", "Ret"), class = "factor"), SHA = structure(c(6L, 
    2L, 14L, 14L, 9L, 14L, 5L, 7L, 8L, 13L, 3L, 14L, 10L, 11L, 
    14L, 12L, 13L, 4L, 14L, 1L, 1L), .Label = c("0", "1", "10", 
    "11", "2", "3", "4", "5", "6", "7", "8", "9", "DNS", "Ret"
    ), class = "factor"), points = c(89L, 85L, 74L, 54L, 42L, 
    35L, 29L, 28L, 25L, 18L, 18L, 9L, 9L, 8L, 8L, 7L, 5L, 2L, 
    1L, 0L, 0L)),class = "data.frame", row.names = c(NA, -21L
))
