`powerboat2018` <-
structure(list(brackets = list(1, c(1, 2, 3, 4, 5, 6, 7, 8, 9, 
10, 11, 12, 13, 14, 15, 16, 17, 18, 19, 20, 21), c(1, 2, 4, 5, 
6, 7, 8, 9, 10, 11, 12, 13, 14, 15, 16, 17, 18, 19, 20, 21), 
    c(1, 2, 5, 6, 7, 8, 9, 10, 11, 12, 13, 14, 15, 16, 17, 18, 
    19, 20, 21), c(1, 2, 5, 6, 7, 9, 10, 11, 12, 13, 14, 15, 
    16, 17, 18, 19, 20, 21), c(1, 2, 5, 7, 9, 10, 11, 12, 13, 
    14, 15, 16, 17, 18, 19, 20, 21), c(1, 2, 5, 7, 9, 10, 12, 
    13, 14, 15, 16, 17, 18, 19, 20, 21), c(1, 3, 4, 5, 6, 7, 
    8, 9, 10, 11, 12, 13, 14, 15, 16, 17, 18, 19, 20, 21), c(1, 
    3, 4, 5, 6, 8, 9, 10, 11, 12, 13, 14, 15, 16, 17, 18, 19, 
    20, 21), c(1, 3, 4, 6, 7, 8, 9, 10, 11, 12, 13, 14, 15, 16, 
    17, 18, 19, 20, 21), c(1, 3, 6, 7, 8, 9, 10, 11, 12, 13, 
    14, 15, 16, 17, 18, 19, 20, 21), c(1, 4, 5, 6, 7, 8, 9, 10, 
    11, 12, 13, 14, 15, 16, 17, 18, 19, 20, 21), c(1, 6, 7, 8, 
    9, 10, 11, 12, 13, 14, 15, 16, 17, 18, 19, 20, 21), c(1, 
    6, 7, 9, 10, 11, 12, 13, 14, 15, 16, 17, 18, 19, 20, 21), 
    c(1, 6, 7, 9, 10, 11, 12, 13, 15, 16, 17, 18, 19, 20, 21), 
    c(1, 7, 9, 10, 11, 12, 13, 15, 16, 17, 18, 19, 20, 21), c(1, 
    7, 9, 11, 12, 13, 15, 16, 17, 18, 19, 20, 21), c(1, 7, 9, 
    11, 12, 13, 15, 17, 18, 19, 20, 21), c(1, 7, 9, 11, 12, 13, 
    15, 18, 19, 20, 21), 2, c(2, 3, 4, 5, 6, 7, 8, 9, 10, 11, 
    12, 13, 14, 15, 16, 17, 18, 19, 20, 21), c(2, 3, 4, 5, 7, 
    8, 9, 10, 11, 12, 13, 14, 15, 16, 17, 18, 19, 20, 21), c(2, 
    4, 5, 6, 7, 8, 9, 10, 11, 12, 13, 14, 15, 16, 17, 18, 19, 
    20, 21), c(2, 4, 6, 7, 8, 9, 10, 11, 12, 13, 14, 15, 16, 
    17, 18, 19, 20, 21), c(2, 4, 6, 7, 8, 9, 10, 11, 13, 14, 
    15, 16, 17, 18, 19, 20, 21), c(2, 5, 7, 9, 10, 12, 13, 14, 
    15, 16, 17, 18, 19, 20, 21), c(2, 5, 7, 9, 10, 12, 13, 14, 
    16, 17, 18, 19, 20, 21), c(2, 6, 7, 8, 9, 10, 11, 13, 14, 
    15, 16, 17, 18, 19, 20, 21), c(2, 6, 7, 8, 9, 11, 13, 14, 
    15, 16, 17, 18, 19, 20, 21), c(2, 6, 7, 8, 9, 11, 13, 14, 
    15, 16, 18, 19, 20, 21), c(2, 6, 7, 8, 9, 13, 14, 15, 16, 
    18, 19, 20, 21), c(2, 6, 7, 8, 13, 14, 15, 16, 18, 19, 20, 
    21), c(2, 7, 9, 10, 12, 13, 14, 16, 17, 18, 19, 20, 21), 
    c(2, 7, 9, 10, 12, 13, 14, 17, 18, 19, 20, 21), c(2, 7, 9, 
    10, 12, 14, 17, 18, 19, 20, 21), c(2, 7, 9, 10, 12, 14, 18, 
    19, 20, 21), 3, c(3, 4, 5, 6, 8, 9, 10, 11, 12, 13, 14, 15, 
    16, 17, 18, 19, 20, 21), c(3, 4, 5, 6, 9, 10, 11, 12, 13, 
    14, 15, 16, 17, 18, 19, 20, 21), c(3, 4, 5, 6, 10, 11, 12, 
    13, 14, 15, 16, 17, 18, 19, 20, 21), c(3, 4, 5, 7, 8, 9, 
    10, 11, 12, 13, 14, 15, 16, 17, 18, 19, 20, 21), c(3, 4, 
    6, 10, 11, 12, 13, 14, 15, 16, 17, 18, 19, 20, 21), c(3, 
    4, 6, 10, 11, 12, 14, 15, 16, 17, 18, 19, 20, 21), c(3, 4, 
    6, 10, 11, 12, 15, 16, 17, 18, 19, 20, 21), c(3, 4, 6, 10, 
    11, 12, 15, 17, 18, 19, 20, 21), c(3, 4, 6, 10, 12, 15, 17, 
    18, 19, 20, 21), c(3, 5, 7, 8, 9, 10, 11, 12, 13, 14, 15, 
    16, 17, 18, 19, 20, 21), c(3, 5, 7, 8, 9, 10, 12, 13, 14, 
    15, 16, 17, 18, 19, 20, 21), c(3, 5, 7, 8, 10, 12, 13, 14, 
    15, 16, 17, 18, 19, 20, 21), c(3, 5, 7, 8, 10, 12, 14, 15, 
    16, 17, 18, 19, 20, 21), c(3, 5, 7, 8, 12, 14, 15, 16, 17, 
    18, 19, 20, 21), c(3, 5, 7, 8, 12, 14, 15, 16, 17, 19, 20, 
    21), 4, c(4, 5, 6, 7, 8, 9, 10, 11, 12, 13, 14, 15, 16, 17, 
    18, 19, 20, 21), c(4, 5, 6, 7, 8, 10, 11, 12, 13, 14, 15, 
    16, 17, 18, 19, 20, 21), c(4, 5, 6, 8, 9, 10, 11, 12, 13, 
    14, 15, 16, 17, 18, 19, 20, 21), c(4, 6, 8, 9, 10, 11, 12, 
    13, 14, 15, 16, 17, 18, 19, 20, 21), c(4, 6, 8, 9, 11, 12, 
    13, 14, 15, 16, 17, 18, 19, 20, 21), 5, c(5, 6, 7, 8, 10, 
    11, 12, 13, 14, 15, 16, 17, 18, 19, 20, 21), c(5, 6, 8, 10, 
    11, 12, 13, 14, 15, 16, 17, 18, 19, 20, 21), c(5, 8, 10, 
    11, 12, 13, 14, 15, 16, 17, 18, 19, 20, 21), c(5, 8, 10, 
    11, 12, 13, 14, 16, 17, 18, 19, 20, 21), c(5, 8, 11, 12, 
    13, 14, 16, 17, 18, 19, 20, 21), c(5, 8, 11, 12, 13, 14, 
    17, 18, 19, 20, 21), c(5, 8, 11, 12, 13, 14, 18, 19, 20, 
    21), c(5, 8, 11, 12, 13, 18, 19, 20, 21), c(5, 8, 11, 12, 
    13, 18, 19, 21), c(5, 8, 12, 13, 18, 19, 21), 6, c(6, 7, 
    8, 13, 14, 15, 16, 18, 19, 20, 21), c(6, 7, 8, 13, 14, 16, 
    18, 19, 20, 21), c(6, 7, 8, 13, 14, 18, 19, 20), c(6, 7, 
    8, 13, 14, 18, 19, 20, 21), c(6, 7, 8, 13, 18, 19, 20), c(6, 
    8, 9, 11, 12, 13, 14, 15, 16, 17, 18, 19, 20, 21), 7, 8, 
    c(8, 9, 11, 12, 13, 14, 15, 16, 17, 18, 19, 20, 21), c(8, 
    11, 12, 13, 14, 15, 16, 17, 18, 19, 20, 21), c(8, 11, 12, 
    13, 14, 16, 17, 18, 19, 20, 21), c(8, 11, 12, 13, 14, 17, 
    18, 19, 20, 21), c(8, 11, 12, 14, 17, 18, 19, 20, 21), 9, 
    10, 11, 12, 13, 14, 15, 16, 17, 18, 19, 20, 21), powers = c(6, 
-7, -1, -1, -1, -1, -1, -3, -1, -1, -1, -1, -1, -1, -1, -1, -1, 
-1, -1, 6, -3, -1, -2, -1, -1, -1, -1, -1, -1, -1, -1, -1, -1, 
-1, -1, -1, 5, -1, -1, -1, -1, -1, -1, -1, -1, -1, -1, -1, -1, 
-1, -1, -1, 6, -2, -1, -1, -1, -1, 6, -1, -1, -1, -1, -1, -1, 
-1, -1, -1, -1, 5, -1, -1, -1, -1, -1, -1, 3, 3, -1, -1, -1, 
-1, -1, 5, 5, 5, 1, 4, 4, 4, 6, 4, 4, 2, 2, 1), pnames = c("Torrente", 
"Stark", "T_AlQamzi", "Morin", "Chiappe", "Stromoy", "Andersson", 
"Selio", "Edin", "AlHameli", "Cantando", "Carella", "Roms", "Trask", 
"Marszalek", "Deguisne", "Benavente", "Schuft", "Sookbuangbon", 
"Bjerknaes", "R_AlQamzi")), class = "hyper2")

`powerboat2018_table` <- structure(list(POR = structure(c(2L, 3L, 9L, 12L, 10L, 18L, 18L, 
17L, 16L, 13L, 15L, 11L, 18L, 7L, 4L, 5L, 14L, 8L, 1L, 1L, 6L
), .Label = c("0", "1", "10", "11", "12", "13", "14", "15", "2", 
"3", "4", "5", "6", "7", "8", "9", "DNS", "Ret"), class = "factor"), 
    GBR = structure(c(14L, 2L, 7L, 6L, 5L, 10L, 14L, 8L, 14L, 
    11L, 14L, 14L, 13L, 9L, 13L, 12L, 3L, 14L, 1L, 4L, 1L), .Label = c("0", 
    "1", "10", "11", "2", "3", "4", "5", "6", "7", "8", "9", 
    "DNS", "Ret"), class = "factor"), FRA = structure(c(10L, 
    2L, 9L, 12L, 8L, 14L, 13L, 18L, 11L, 16L, 7L, 18L, 18L, 5L, 
    15L, 3L, 4L, 17L, 1L, 6L, 1L), .Label = c("0", "1", "10", 
    "11", "12", "13", "14", "15", "2", "3", "4", "5", "6", "7", 
    "8", "9", "DNS", "Ret"), class = "factor"), CHN = structure(c(2L, 
    8L, 7L, 12L, 10L, 13L, 9L, 16L, 14L, 11L, 15L, 16L, 5L, 16L, 
    3L, 4L, 16L, 15L, 6L, 1L, 1L), .Label = c("0", "1", "10", 
    "11", "12", "13", "2", "3", "4", "5", "6", "7", "8", "9", 
    "DNS", "Ret"), class = "factor"), IND = structure(c(2L, 5L, 
    13L, 6L, 13L, 4L, 13L, 12L, 8L, 10L, 7L, 13L, 9L, 13L, 13L, 
    13L, 13L, 11L, 3L, 1L, 1L), .Label = c("0", "1", "10", "2", 
    "3", "4", "5", "6", "7", "8", "9", "DNS", "Ret"), class = "factor"), 
    ABU = structure(c(10L, 16L, 2L, 6L, 12L, 8L, 16L, 7L, 16L, 
    15L, 9L, 16L, 3L, 16L, 11L, 13L, 4L, 5L, 14L, 1L, 1L), .Label = c("0", 
    "1", "10", "11", "12", "2", "3", "4", "5", "6", "7", "8", 
    "9", "DNP", "DNS", "Ret"), class = "factor"), SHA = structure(c(6L, 
    2L, 14L, 14L, 9L, 14L, 5L, 7L, 8L, 13L, 3L, 14L, 10L, 11L, 
    14L, 12L, 13L, 4L, 14L, 1L, 1L), .Label = c("0", "1", "10", 
    "11", "2", "3", "4", "5", "6", "7", "8", "9", "DNS", "Ret"
    ), class = "factor"), points = c(89L, 85L, 74L, 54L, 42L, 
    35L, 29L, 28L, 25L, 18L, 18L, 9L, 9L, 8L, 8L, 7L, 5L, 2L, 
    1L, 0L, 0L)), class = "data.frame", row.names = c("Torrente", 
"Stark", "T_AlQamzi", "Morin", "Chiappe", "Stromoy", "Andersson", 
"Selio", "Edin", "AlHameli", "Cantando", "Carella", "Roms", "Trask", 
"Marszalek", "Deguisne", "Benavente", "Schuft", "Sookbuangbon", 
"Bjerknaes", "R_AlQamzi"))
