`sculls2016` <-
structure(list(brackets = list(1, c(1, 3, 4, 19, 21, 23), c(1, 
3, 4, 19, 23), c(1, 3, 19, 23), c(1, 4, 5, 12, 13), c(1, 4, 5, 
12, 13, 28), c(1, 4, 9, 13), c(1, 4, 9, 13, 17), c(1, 4, 9, 13, 
17, 27), c(1, 4, 13), c(1, 5, 12, 13), c(1, 5, 13), c(1, 13), 
    c(1, 13, 17, 29, 31), c(1, 17, 29, 31), c(1, 29, 31), 2, 
    c(2, 4, 9, 14, 25, 30), c(2, 4, 14, 25, 30), c(2, 5, 8, 15, 
    17, 28), c(2, 5, 8, 15, 28), c(2, 6, 8, 18, 19, 24), c(2, 
    6, 11, 14, 15), c(2, 6, 11, 14, 15, 19), c(2, 8, 15), c(2, 
    8, 15, 28), c(2, 14, 25, 30), 3, c(3, 8, 16, 18, 23, 24), 
    c(3, 10, 11, 30, 31), c(3, 11, 14, 15, 16, 23), c(3, 11, 
    15, 16, 23), c(3, 12, 23, 27, 32), c(3, 12, 23, 32), c(3, 
    15, 16, 23), c(3, 16, 18, 23), c(3, 16, 18, 23, 24), c(3, 
    16, 23), c(3, 19, 23), c(3, 23), c(3, 23, 32), c(3, 32), 
    4, 5, c(5, 6, 18, 22, 26), c(5, 7, 12, 21, 26, 28), c(5, 
    12, 21, 26, 28), c(5, 12, 21, 28), c(5, 12, 28), c(5, 13), 
    6, c(6, 8), c(6, 8, 18), c(6, 8, 18, 19, 24), c(6, 8, 18, 
    24), c(6, 9, 12, 13, 16, 18), c(6, 11, 14, 15), c(6, 12, 
    13, 16, 18), c(6, 13, 16, 18), c(6, 15, 25, 32), c(6, 16), 
    c(6, 16, 18), c(6, 18, 22), c(6, 18, 22, 26), c(6, 22), 7, 
    c(7, 8, 11, 15, 19, 20), c(7, 9, 17, 21, 26, 27), c(7, 11, 
    14, 24, 26, 27), 8, c(8, 11, 15, 19, 20), c(8, 11, 15, 20
    ), c(8, 15), 9, c(9, 17, 21, 26, 27), c(9, 21, 26), c(9, 
    21, 26, 27), c(9, 26), 10, c(10, 11, 30, 31), c(10, 16), 
    c(10, 16, 21, 24, 28), c(10, 16, 24), c(10, 16, 24, 28), 
    c(10, 20, 22, 32), c(10, 20, 32), c(10, 30, 31), c(10, 31
    ), c(10, 32), 11, c(11, 14), c(11, 14, 15), c(11, 14, 24), 
    c(11, 14, 24, 26), c(11, 14, 24, 26, 27), c(11, 15), c(11, 
    15, 20), 12, c(12, 28), 13, 14, c(14, 16, 20, 22, 29), c(14, 
    25, 30), c(14, 30), 15, c(15, 20), c(15, 25, 32), 16, c(16, 
    20, 22, 29), 17, 18, 19, 20, c(20, 22, 25, 29, 30, 32), c(20, 
    22, 29), c(20, 25, 29, 30, 32), c(20, 29), c(20, 29, 30, 
    32), c(20, 30), c(20, 30, 32), 21, 22, 23, 24, 25, c(25, 
    29, 30, 31), c(25, 32), 26, 27, 28, 29, c(29, 30, 31), c(29, 
    31), 30, c(30, 31), 31, 32), powers = c(4, -1, -1, -1, -1, 
-1, -1, -1, -1, -1, -1, -1, -1, -1, -1, -1, 4, -1, -1, -1, -1, 
-1, -1, -1, -1, -1, -1, 5, -1, -1, -1, -1, -1, -1, -1, -1, -1, 
-2, -1, -3, -1, -1, 4, 3, -1, -1, -1, -1, -1, -1, 5, -1, -1, 
-1, -1, -1, -1, -1, -1, -1, -1, -1, -1, -1, -1, 4, -1, -1, -1, 
3, -1, -1, -1, 3, -1, -1, -1, -1, 1, -1, -1, -1, -1, -1, -1, 
-1, -1, -2, -1, 4, -1, -1, -1, -1, -1, -1, -1, 4, -1, 3, 5, -1, 
-1, -1, 3, -1, -1, 4, -1, 4, 4, 4, 2, -1, -1, -1, -1, -1, -1, 
-1, 4, 3, 1, 4, 4, -1, -1, 4, 4, 3, 4, -1, -1, 2, -1, 1, 2), 
    pnames = c("banna", "bhokanal", "boudina", "cabrera", "campbell", 
    "dongyong", "drysdale", "esquivel", "fournier", "gambour", 
    "garcia", "grant", "hoff", "kelmelis", "khafaji", "kholmirzayev", 
    "martin", "memo", "molnar", "monasterio", "obreno", "peebles", 
    "rivarola", "rosso", "saensuk", "shcharbachenia", "synek", 
    "szymczyk", "taieb", "teilemb", "yakovlev", "zambrano")),
          .Names = c("brackets", "powers", "pnames"), class = "hyper2")

allrowers <- sculls2016$pnames
