`skating` <-
structure(list(brackets = list(1, c(1, 2, 3, 4, 5, 6, 7, 8, 9, 
10, 11, 12, 13, 14, 15, 16, 17, 18, 19, 20, 21, 22, 23), c(1, 
3, 4, 5, 6, 7, 8, 9, 10, 11, 12, 13, 14, 15, 16, 17, 18, 19, 
20, 21, 22, 23), c(1, 3, 5, 6, 7, 8, 9, 10, 11, 12, 13, 14, 15, 
16, 17, 18, 19, 20, 21, 22, 23), c(1, 4, 5, 6, 7, 8, 9, 10, 11, 
12, 13, 14, 15, 16, 17, 18, 19, 20, 21, 22, 23), c(1, 5, 6, 7, 
8, 9, 10, 11, 12, 13, 14, 15, 16, 17, 18, 19, 20, 21, 22, 23), 
    2, c(2, 3, 4, 5, 6, 7, 8, 9, 10, 11, 12, 13, 14, 15, 16, 
    17, 18, 19, 20, 21, 22, 23), c(2, 4, 5, 6, 7, 8, 9, 10, 11, 
    12, 13, 14, 15, 16, 17, 18, 19, 20, 21, 22, 23), c(2, 5, 
    6, 7, 8, 9, 10, 11, 12, 13, 14, 15, 16, 17, 18, 19, 20, 21, 
    22, 23), 3, c(3, 4, 5, 6, 7, 8, 9, 10, 11, 12, 13, 14, 15, 
    16, 17, 18, 19, 20, 21, 22, 23), 4, c(4, 5, 6, 7, 8, 9, 10, 
    11, 12, 13, 14, 15, 16, 17, 18, 19, 20, 21, 22, 23), c(4, 
    6, 7, 8, 9, 10, 11, 12, 13, 14, 15, 16, 17, 18, 19, 20, 21, 
    22, 23), 5, c(5, 6, 7, 8, 9, 10, 11, 12, 13, 14, 15, 16, 
    17, 18, 19, 20, 21, 22, 23), c(5, 7, 8, 9, 10, 11, 12, 13, 
    14, 15, 16, 17, 18, 19, 20, 21, 22, 23), c(5, 7, 8, 9, 11, 
    12, 13, 14, 15, 16, 17, 18, 19, 20, 21, 22, 23), c(5, 7, 
    9, 10, 11, 12, 13, 14, 15, 16, 17, 18, 19, 20, 21, 22, 23
    ), c(5, 8, 9, 11, 12, 13, 14, 15, 16, 17, 18, 19, 20, 21, 
    22, 23), 6, c(6, 7, 8, 9, 10, 11, 12, 13, 14, 15, 16, 17, 
    18, 19, 20, 21, 22, 23), c(6, 7, 8, 9, 10, 11, 12, 14, 15, 
    16, 17, 18, 19, 20, 21, 22, 23), c(6, 7, 8, 9, 11, 12, 13, 
    14, 15, 16, 17, 18, 19, 20, 21, 22, 23), c(6, 7, 8, 10, 11, 
    12, 13, 14, 15, 16, 17, 18, 19, 20, 21, 22, 23), c(6, 7, 
    8, 11, 12, 13, 14, 15, 16, 17, 18, 19, 20, 21, 22, 23), c(6, 
    8, 9, 10, 11, 12, 13, 14, 15, 16, 17, 18, 19, 20, 21, 22, 
    23), c(6, 8, 9, 10, 11, 12, 14, 15, 16, 17, 18, 19, 20, 21, 
    22, 23), c(6, 9, 10, 11, 12, 13, 14, 15, 16, 17, 18, 19, 
    20, 21, 22, 23), c(6, 9, 10, 11, 12, 14, 15, 16, 17, 18, 
    19, 20, 21, 22, 23), c(6, 9, 10, 11, 14, 15, 16, 17, 18, 
    19, 20, 21, 22, 23), c(6, 9, 11, 14, 15, 16, 17, 18, 19, 
    20, 21, 22, 23), c(6, 9, 11, 14, 16, 17, 18, 19, 20, 21, 
    22, 23), 7, c(7, 8, 9, 10, 11, 12, 13, 14, 15, 16, 17, 18, 
    19, 20, 21, 22, 23), c(7, 8, 10, 11, 12, 13, 14, 15, 16, 
    17, 18, 19, 20, 21, 22, 23), c(7, 8, 11, 12, 13, 14, 15, 
    16, 17, 18, 19, 20, 21, 22, 23), c(7, 8, 11, 13, 14, 15, 
    16, 17, 18, 19, 20, 21, 22, 23), c(7, 9, 10, 11, 12, 13, 
    14, 15, 16, 17, 18, 19, 20, 21, 22, 23), c(7, 10, 11, 12, 
    13, 14, 15, 16, 17, 18, 19, 20, 21, 22, 23), 8, c(8, 9, 10, 
    11, 12, 13, 14, 15, 16, 17, 18, 19, 20, 21, 22, 23), c(8, 
    9, 10, 11, 12, 14, 15, 16, 17, 18, 19, 20, 21, 22, 23), c(8, 
    9, 10, 11, 12, 14, 15, 17, 18, 19, 20, 21, 22, 23), c(8, 
    9, 10, 11, 12, 15, 17, 18, 19, 20, 21, 22, 23), c(8, 9, 10, 
    12, 15, 17, 18, 19, 20, 21, 22, 23), c(8, 9, 11, 12, 13, 
    14, 15, 16, 17, 18, 19, 20, 21, 22, 23), c(8, 11, 12, 13, 
    14, 15, 16, 17, 18, 19, 20, 21, 22, 23), c(8, 11, 13, 14, 
    15, 16, 17, 18, 19, 20, 21, 22, 23), c(8, 13, 14, 15, 16, 
    17, 18, 19, 20, 21, 22, 23), 9, c(9, 10, 11, 12, 13, 14, 
    15, 16, 17, 18, 19, 20, 21, 22, 23), c(9, 10, 11, 12, 13, 
    14, 15, 17, 18, 19, 20, 21, 22, 23), c(9, 10, 12, 13, 14, 
    15, 16, 17, 18, 19, 20, 21, 22, 23), c(9, 10, 12, 15, 17, 
    18, 19, 20, 21, 22, 23), c(9, 10, 13, 14, 15, 16, 17, 18, 
    19, 20, 21, 22, 23), c(9, 10, 13, 15, 16, 17, 18, 19, 20, 
    21, 22, 23), c(9, 10, 13, 15, 17, 18, 19, 20, 21, 22, 23), 
    c(9, 10, 13, 17, 18, 19, 20, 21, 22, 23), c(9, 11, 12, 13, 
    14, 15, 16, 17, 18, 19, 20, 21, 22, 23), c(9, 11, 14, 16, 
    17, 18, 19, 20, 21, 22, 23), c(9, 12, 13, 14, 15, 16, 17, 
    18, 19, 20, 21, 22, 23), 10, c(10, 11, 12, 13, 14, 15, 16, 
    17, 18, 19, 20, 21, 22, 23), c(10, 11, 12, 13, 14, 15, 17, 
    18, 19, 20, 21, 22, 23), c(10, 11, 12, 14, 15, 16, 17, 18, 
    19, 20, 21, 22, 23), c(10, 12, 13, 14, 15, 17, 18, 19, 20, 
    21, 22, 23), c(10, 12, 15, 17, 18, 19, 20, 21, 22, 23), c(10, 
    13, 17, 18, 19, 20, 21, 22, 23), 11, c(11, 12, 13, 14, 15, 
    16, 17, 18, 19, 20, 21, 22, 23), c(11, 12, 13, 15, 16, 17, 
    18, 19, 20, 21, 22, 23), c(11, 12, 13, 16, 17, 18, 19, 20, 
    21, 22, 23), c(11, 12, 14, 15, 16, 17, 18, 19, 20, 21, 22, 
    23), c(11, 13, 14, 15, 16, 17, 18, 19, 20, 21, 22, 23), c(11, 
    14, 16, 17, 18, 19, 20, 21, 22, 23), c(11, 14, 17, 18, 19, 
    20, 21, 22, 23), c(11, 17, 18, 19, 20, 21, 22, 23), 12, c(12, 
    13, 14, 15, 16, 17, 18, 19, 20, 21, 22, 23), c(12, 13, 14, 
    15, 17, 18, 19, 20, 21, 22, 23), c(12, 13, 15, 17, 18, 19, 
    20, 21, 22, 23), c(12, 13, 16, 17, 18, 19, 20, 21, 22, 23
    ), c(12, 14, 15, 16, 17, 18, 19, 20, 21, 22, 23), c(12, 14, 
    16, 17, 18, 19, 20, 21, 22, 23), c(12, 14, 17, 18, 19, 20, 
    21, 22, 23), c(12, 15, 17, 18, 19, 20, 21, 22, 23), c(12, 
    15, 18, 19, 20, 21, 22, 23), c(12, 15, 18, 20, 21, 22, 23
    ), c(12, 17, 18, 19, 20, 21, 22, 23), c(12, 18, 20, 21, 22, 
    23), 13, c(13, 14, 15, 16, 17, 18, 19, 20, 21, 22, 23), c(13, 
    15, 16, 17, 18, 19, 20, 21, 22, 23), c(13, 16, 17, 18, 19, 
    20, 21, 22, 23), c(13, 17, 18, 19, 20, 21, 22, 23), 14, c(14, 
    15, 16, 17, 18, 19, 20, 21, 22, 23), c(14, 16, 17, 18, 19, 
    20, 21, 22, 23), 15, c(15, 16, 17, 18, 19, 20, 21, 22, 23
    ), c(15, 16, 18, 19, 20, 21, 22, 23), c(15, 17, 18, 19, 20, 
    21, 22, 23), c(15, 18, 19, 20, 21, 22, 23), 16, c(16, 17, 
    18, 19, 20, 21, 22, 23), 17, c(17, 18, 19, 20, 21, 22, 23
    ), c(17, 19, 20, 21, 22, 23), 18, c(18, 19, 20, 21, 22, 23
    ), c(18, 19, 20, 21, 23), c(18, 19, 20, 23), c(18, 19, 21, 
    22, 23), c(18, 20, 21, 22, 23), c(18, 20, 22, 23), c(18, 
    21, 22, 23), c(18, 22), c(18, 22, 23), 19, c(19, 20, 21, 
    22, 23), c(19, 20, 22, 23), c(19, 20, 23), c(19, 21, 22, 
    23), c(19, 22, 23), c(19, 23), 20, c(20, 21, 22, 23), 21, 
    c(21, 22, 23), c(21, 23), 22, c(22, 23), 23), powers = c(9, 
-9, -4, -1, -2, -2, 9, -5, -3, -1, 9, -3, 9, -6, -1, 9, -8, -2, 
-1, -1, -1, 9, -7, -1, -1, -1, -1, -2, -1, -1, -1, -1, -1, -1, 
9, -2, -1, -1, -1, -1, -1, 9, -3, -1, -1, -1, -1, -1, -1, -1, 
-1, 9, -4, -1, -1, -1, -1, -1, -1, -1, -1, -1, -1, 9, -2, -1, 
-1, -1, -1, -1, 9, -2, -1, -1, -1, -1, -1, -1, -1, 9, -1, -1, 
-1, -1, -1, -1, -1, -2, -1, -1, -1, -1, 9, -3, -1, -1, -1, 9, 
-2, -1, 9, -2, -1, -1, -1, 9, -3, 9, -7, -1, 9, -7, -1, -1, -1, 
-3, -1, -1, -1, -2, 9, -4, -1, -1, -2, -2, -1, 9, -3, 9, -4, 
-3, 8, -4, 1), pnames = c("hughes", "slutskaya", "kwan", "cohen", 
"suguri", "butyrskaya", "robinson", "sebestyen", "kettunen", 
"volchkova", "maniachenko", "fontana", "liashenko", "onda", "hubert", 
"meier", "gusmeroli", "soldatova", "hegel", "giunchi", "babiakova", 
"kopac", "luca")), class = "hyper2")
