`skating` <-
structure(list(brackets = list(1, c(1, 2, 3, 4, 5, 6, 7, 8, 9, 
10, 11, 12, 13, 14, 15, 16, 17, 18, 19, 20, 21, 22, 23), c(1, 
3, 4, 5, 6, 7, 8, 9, 10, 11, 12, 13, 14, 15, 16, 17, 18, 19, 
20, 21, 22, 23), c(1, 3, 5, 6, 7, 8, 9, 10, 11, 12, 13, 14, 15, 
16, 17, 18, 19, 20, 21, 22, 23), c(1, 4, 5, 6, 7, 8, 9, 10, 11, 
12, 13, 14, 15, 16, 17, 18, 19, 20, 21, 22, 23), c(1, 5, 6, 7, 
8, 9, 10, 11, 12, 13, 14, 15, 16, 17, 18, 19, 20, 21, 22, 23), 
    2, c(2, 3, 4, 5, 6, 7, 8, 9, 10, 11, 12, 13, 14, 15, 16, 
    17, 18, 19, 20, 21, 22, 23), c(2, 4, 5, 6, 7, 8, 9, 10, 11, 
    12, 13, 14, 15, 16, 17, 18, 19, 20, 21, 22, 23), c(2, 5, 
    6, 7, 8, 9, 10, 11, 12, 13, 14, 15, 16, 17, 18, 19, 20, 21, 
    22, 23), 3, c(3, 4, 5, 6, 7, 8, 9, 10, 11, 12, 13, 14, 15, 
    16, 17, 18, 19, 20, 21, 22, 23), 4, c(4, 5, 6, 7, 8, 9, 10, 
    11, 12, 13, 14, 15, 16, 17, 18, 19, 20, 21, 22, 23), c(4, 
    6, 7, 8, 9, 10, 11, 12, 13, 14, 15, 16, 17, 18, 19, 20, 21, 
    22, 23), 5, c(5, 6, 7, 8, 9, 10, 11, 12, 13, 14, 15, 16, 
    17, 18, 19, 20, 21, 22, 23), c(5, 7, 8, 9, 10, 11, 12, 13, 
    14, 15, 16, 17, 18, 19, 20, 21, 22, 23), c(5, 7, 8, 9, 11, 
    12, 13, 14, 15, 16, 17, 18, 19, 20, 21, 22, 23), c(5, 7, 
    9, 10, 11, 12, 13, 14, 15, 16, 17, 18, 19, 20, 21, 22, 23
    ), c(5, 8, 9, 11, 12, 13, 14, 15, 16, 17, 18, 19, 20, 21, 
    22, 23), 6, c(6, 7, 8, 9, 10, 11, 12, 13, 14, 15, 16, 17, 
    18, 19, 20, 21, 22, 23), c(6, 7, 8, 9, 10, 11, 12, 14, 15, 
    16, 17, 18, 19, 20, 21, 22, 23), c(6, 7, 8, 9, 11, 12, 13, 
    14, 15, 16, 17, 18, 19, 20, 21, 22, 23), c(6, 7, 8, 10, 11, 
    12, 13, 14, 15, 16, 17, 18, 19, 20, 21, 22, 23), c(6, 7, 
    8, 11, 12, 13, 14, 15, 16, 17, 18, 19, 20, 21, 22, 23), c(6, 
    8, 9, 10, 11, 12, 13, 14, 15, 16, 17, 18, 19, 20, 21, 22, 
    23), c(6, 8, 9, 10, 11, 12, 14, 15, 16, 17, 18, 19, 20, 21, 
    22, 23), c(6, 9, 10, 11, 12, 13, 14, 15, 16, 17, 18, 19, 
    20, 21, 22, 23), c(6, 9, 10, 11, 12, 14, 15, 16, 17, 18, 
    19, 20, 21, 22, 23), c(6, 9, 10, 11, 14, 15, 16, 17, 18, 
    19, 20, 21, 22, 23), c(6, 9, 11, 14, 15, 16, 17, 18, 19, 
    20, 21, 22, 23), c(6, 9, 11, 14, 16, 17, 18, 19, 20, 21, 
    22, 23), 7, c(7, 8, 9, 10, 11, 12, 13, 14, 15, 16, 17, 18, 
    19, 20, 21, 22, 23), c(7, 8, 10, 11, 12, 13, 14, 15, 16, 
    17, 18, 19, 20, 21, 22, 23), c(7, 8, 11, 12, 13, 14, 15, 
    16, 17, 18, 19, 20, 21, 22, 23), c(7, 8, 11, 13, 14, 15, 
    16, 17, 18, 19, 20, 21, 22, 23), c(7, 9, 10, 11, 12, 13, 
    14, 15, 16, 17, 18, 19, 20, 21, 22, 23), c(7, 10, 11, 12, 
    13, 14, 15, 16, 17, 18, 19, 20, 21, 22, 23), 8, c(8, 9, 10, 
    11, 12, 13, 14, 15, 16, 17, 18, 19, 20, 21, 22, 23), c(8, 
    9, 10, 11, 12, 14, 15, 16, 17, 18, 19, 20, 21, 22, 23), c(8, 
    9, 10, 11, 12, 14, 15, 17, 18, 19, 20, 21, 22, 23), c(8, 
    9, 10, 11, 12, 15, 17, 18, 19, 20, 21, 22, 23), c(8, 9, 10, 
    12, 15, 17, 18, 19, 20, 21, 22, 23), c(8, 9, 11, 12, 13, 
    14, 15, 16, 17, 18, 19, 20, 21, 22, 23), c(8, 11, 12, 13, 
    14, 15, 16, 17, 18, 19, 20, 21, 22, 23), c(8, 11, 13, 14, 
    15, 16, 17, 18, 19, 20, 21, 22, 23), c(8, 13, 14, 15, 16, 
    17, 18, 19, 20, 21, 22, 23), 9, c(9, 10, 11, 12, 13, 14, 
    15, 16, 17, 18, 19, 20, 21, 22, 23), c(9, 10, 11, 12, 13, 
    14, 15, 17, 18, 19, 20, 21, 22, 23), c(9, 10, 12, 13, 14, 
    15, 16, 17, 18, 19, 20, 21, 22, 23), c(9, 10, 12, 15, 17, 
    18, 19, 20, 21, 22, 23), c(9, 10, 13, 14, 15, 16, 17, 18, 
    19, 20, 21, 22, 23), c(9, 10, 13, 15, 16, 17, 18, 19, 20, 
    21, 22, 23), c(9, 10, 13, 15, 17, 18, 19, 20, 21, 22, 23), 
    c(9, 10, 13, 17, 18, 19, 20, 21, 22, 23), c(9, 11, 12, 13, 
    14, 15, 16, 17, 18, 19, 20, 21, 22, 23), c(9, 11, 14, 16, 
    17, 18, 19, 20, 21, 22, 23), c(9, 12, 13, 14, 15, 16, 17, 
    18, 19, 20, 21, 22, 23), 10, c(10, 11, 12, 13, 14, 15, 16, 
    17, 18, 19, 20, 21, 22, 23), c(10, 11, 12, 13, 14, 15, 17, 
    18, 19, 20, 21, 22, 23), c(10, 11, 12, 14, 15, 16, 17, 18, 
    19, 20, 21, 22, 23), c(10, 12, 13, 14, 15, 17, 18, 19, 20, 
    21, 22, 23), c(10, 12, 15, 17, 18, 19, 20, 21, 22, 23), c(10, 
    13, 17, 18, 19, 20, 21, 22, 23), 11, c(11, 12, 13, 14, 15, 
    16, 17, 18, 19, 20, 21, 22, 23), c(11, 12, 13, 15, 16, 17, 
    18, 19, 20, 21, 22, 23), c(11, 12, 13, 16, 17, 18, 19, 20, 
    21, 22, 23), c(11, 12, 14, 15, 16, 17, 18, 19, 20, 21, 22, 
    23), c(11, 13, 14, 15, 16, 17, 18, 19, 20, 21, 22, 23), c(11, 
    14, 16, 17, 18, 19, 20, 21, 22, 23), c(11, 14, 17, 18, 19, 
    20, 21, 22, 23), c(11, 17, 18, 19, 20, 21, 22, 23), 12, c(12, 
    13, 14, 15, 16, 17, 18, 19, 20, 21, 22, 23), c(12, 13, 14, 
    15, 17, 18, 19, 20, 21, 22, 23), c(12, 13, 15, 17, 18, 19, 
    20, 21, 22, 23), c(12, 13, 16, 17, 18, 19, 20, 21, 22, 23
    ), c(12, 14, 15, 16, 17, 18, 19, 20, 21, 22, 23), c(12, 14, 
    16, 17, 18, 19, 20, 21, 22, 23), c(12, 14, 17, 18, 19, 20, 
    21, 22, 23), c(12, 15, 17, 18, 19, 20, 21, 22, 23), c(12, 
    15, 18, 19, 20, 21, 22, 23), c(12, 15, 18, 20, 21, 22, 23
    ), c(12, 17, 18, 19, 20, 21, 22, 23), c(12, 18, 20, 21, 22, 
    23), 13, c(13, 14, 15, 16, 17, 18, 19, 20, 21, 22, 23), c(13, 
    15, 16, 17, 18, 19, 20, 21, 22, 23), c(13, 16, 17, 18, 19, 
    20, 21, 22, 23), c(13, 17, 18, 19, 20, 21, 22, 23), 14, c(14, 
    15, 16, 17, 18, 19, 20, 21, 22, 23), c(14, 16, 17, 18, 19, 
    20, 21, 22, 23), 15, c(15, 16, 17, 18, 19, 20, 21, 22, 23
    ), c(15, 16, 18, 19, 20, 21, 22, 23), c(15, 17, 18, 19, 20, 
    21, 22, 23), c(15, 18, 19, 20, 21, 22, 23), 16, c(16, 17, 
    18, 19, 20, 21, 22, 23), 17, c(17, 18, 19, 20, 21, 22, 23
    ), c(17, 19, 20, 21, 22, 23), 18, c(18, 19, 20, 21, 22, 23
    ), c(18, 19, 20, 21, 23), c(18, 19, 20, 23), c(18, 19, 21, 
    22, 23), c(18, 20, 21, 22, 23), c(18, 20, 22, 23), c(18, 
    21, 22, 23), c(18, 22), c(18, 22, 23), 19, c(19, 20, 21, 
    22, 23), c(19, 20, 22, 23), c(19, 20, 23), c(19, 21, 22, 
    23), c(19, 22, 23), c(19, 23), 20, c(20, 21, 22, 23), 21, 
    c(21, 22, 23), c(21, 23), 22, c(22, 23), 23), powers = c(9, 
-9, -4, -1, -2, -2, 9, -5, -3, -1, 9, -3, 9, -6, -1, 9, -8, -2, 
-1, -1, -1, 9, -7, -1, -1, -1, -1, -2, -1, -1, -1, -1, -1, -1, 
9, -2, -1, -1, -1, -1, -1, 9, -3, -1, -1, -1, -1, -1, -1, -1, 
-1, 9, -4, -1, -1, -1, -1, -1, -1, -1, -1, -1, -1, 9, -2, -1, 
-1, -1, -1, -1, 9, -2, -1, -1, -1, -1, -1, -1, -1, 9, -1, -1, 
-1, -1, -1, -1, -1, -2, -1, -1, -1, -1, 9, -3, -1, -1, -1, 9, 
-2, -1, 9, -2, -1, -1, -1, 9, -3, 9, -7, -1, 9, -7, -1, -1, -1, 
-3, -1, -1, -1, -2, 9, -4, -1, -1, -2, -2, -1, 9, -3, 9, -4, 
-3, 8, -4, 1), pnames = c("hughes", "slutskaya", "kwan", "cohen", 
"suguri", "butyrskaya", "robinson", "sebestyen", "kettunen", 
"volchkova", "maniachenko", "fontana", "liashenko", "onda", "hubert", 
"meier", "gusmeroli", "soldatova", "hegel", "giunchi", "babiakova", 
"kopac", "luca")), class = "hyper2")

`skating_table` <-
structure(list(J1 = c(1L, 3L, 2L, 5L, 4L, 6L, 7L, 8L, 9L, 10L, 
13L, 14L, 15L, 11L, 12L, 16L, 17L, 19L, 20L, 18L, 22L, 21L, 23L
), J2 = c(4L, 1L, 3L, 2L, 8L, 5L, 7L, 10L, 9L, 6L, 12L, 11L, 
13L, 14L, 17L, 16L, 15L, 18L, 21L, 19L, 20L, 22L, 23L), J3 = c(3L, 
1L, 2L, 4L, 5L, 8L, 7L, 12L, 13L, 14L, 11L, 18L, 6L, 10L, 17L, 
9L, 15L, 22L, 16L, 20L, 19L, 23L, 21L), J4 = c(4L, 1L, 2L, 3L, 
5L, 7L, 9L, 8L, 6L, 11L, 12L, 16L, 10L, 15L, 13L, 14L, 17L, 20L, 
22L, 21L, 19L, 18L, 23L), J5 = c(1L, 4L, 2L, 3L, 5L, 12L, 6L, 
7L, 12L, 10L, 16L, 9L, 8L, 15L, 11L, 14L, 17L, 21L, 18L, 19L, 
20L, 22L, 23L), J6 = c(2L, 1L, 3L, 4L, 7L, 5L, 8L, 6L, 10L, 12L, 
11L, 15L, 14L, 13L, 16L, 9L, 18L, 17L, 19L, 20L, 21L, 22L, 23L
), J7 = c(1L, 2L, 3L, 4L, 5L, 8L, 10L, 12L, 7L, 6L, 11L, 9L, 
13L, 15L, 14L, 16L, 17L, 18L, 21L, 20L, 19L, 22L, 23L), J8 = c(1L, 
3L, 2L, 4L, 5L, 7L, 6L, 8L, 11L, 9L, 10L, 12L, 14L, 13L, 15L, 
16L, 17L, 18L, 19L, 20L, 22L, 21L, 23L), J9 = c(1L, 2L, 3L, 4L, 
5L, 6L, 7L, 8L, 14L, 15L, 9L, 10L, 16L, 11L, 13L, 12L, 17L, 19L, 
18L, 20L, 22L, 21L, 23L)),