`soling2000` <-
    structure(list(
        brackets = list(1, c(1, 2, 3, 4, 5, 6, 7, 8, 9, 
10, 11, 12, 13, 14, 15, 16), c(1, 2, 3, 4, 5, 6, 7, 9, 10, 11, 
12, 13, 14, 15, 16), c(1, 2, 3, 4, 5, 7, 8, 9, 10, 11, 12, 13, 
14, 15, 16), c(1, 2, 4, 5, 6, 7, 8, 9, 10, 11, 12, 13, 14, 15, 
16), c(1, 2, 4, 6, 7, 8, 9, 10, 11, 12, 13, 14, 15, 16), c(1, 
2, 5, 6, 7, 8, 9, 10, 11, 12, 13, 14, 15, 16), c(1, 2, 5, 6, 
7, 8, 10, 11, 12, 13, 14, 15, 16), c(1, 2, 5, 6, 8, 10, 11, 12, 
13, 14, 15, 16), c(1, 3, 4, 5, 7, 8, 9, 10, 11, 12, 13, 14, 15, 
16), c(1, 4, 6, 7, 8, 9, 10, 11, 12, 13, 14, 15, 16), c(1, 6, 
7, 8, 9, 10, 11, 12, 13, 14, 15, 16), 2, c(2, 3, 4, 5, 6, 7, 
8, 9, 10, 11, 12, 13, 14, 15, 16), c(2, 3, 4, 5, 6, 7, 9, 10, 
11, 12, 13, 14, 15, 16), c(2, 3, 5, 6, 7, 8, 9, 10, 11, 12, 13, 
14, 15, 16), c(2, 3, 5, 6, 7, 8, 9, 11, 12, 13, 14, 15, 16), 
    c(2, 3, 6, 7, 8, 9, 11, 12, 13, 14, 15, 16), c(2, 3, 6, 7, 
    8, 9, 12, 13, 14, 15, 16), c(2, 3, 7, 8, 9, 12, 13, 14, 15, 
    16), c(2, 3, 7, 9, 12, 13, 14, 15, 16), c(2, 3, 9, 12, 13, 
    14, 15, 16), c(2, 3, 9, 12, 14, 15, 16), c(2, 5, 6, 8, 10, 
    11, 12, 13, 14, 15, 16), c(2, 6, 8, 10, 11, 12, 13, 14, 15, 
    16), 3, c(3, 4, 5, 6, 7, 9, 10, 11, 12, 13, 14, 15, 16), 
    c(3, 4, 5, 6, 7, 9, 10, 11, 12, 13, 14, 16), c(3, 4, 5, 7, 
    8, 9, 10, 11, 12, 13, 14, 15, 16), c(3, 4, 5, 8, 9, 10, 11, 
    12, 13, 14, 15, 16), c(3, 4, 5, 8, 9, 10, 11, 12, 13, 15, 
    16), c(3, 4, 5, 9, 10, 11, 12, 13, 15, 16), c(3, 4, 5, 9, 
    11, 12, 13, 15, 16), c(3, 4, 9, 11, 12, 13, 15, 16), c(3, 
    4, 11, 12, 13, 15, 16), c(3, 4, 12, 13, 15, 16), c(3, 9, 
    12, 14, 15, 16), c(3, 12, 14, 15, 16), c(3, 14, 15, 16), 
    4, c(4, 5, 6, 7, 9, 10, 11, 12, 13, 14, 16), c(4, 5, 6, 7, 
    9, 10, 11, 12, 13, 16), c(4, 5, 6, 9, 10, 11, 12, 13, 16), 
    c(4, 6, 9, 10, 11, 12, 13, 16), c(4, 6, 9, 10, 11, 12, 16
    ), c(4, 6, 9, 11, 12, 16), c(4, 9, 11, 12), c(4, 9, 11, 12, 
    16), c(4, 11, 12), c(4, 12, 13, 15, 16), c(4, 13, 15, 16), 
    c(4, 15, 16), c(4, 16), 5, 6, c(6, 7, 8, 9, 10, 11, 12, 13, 
    14, 15, 16), c(6, 7, 8, 9, 10, 11, 13, 14, 15, 16), c(6, 
    7, 8, 9, 10, 13, 14, 15, 16), c(6, 8, 10, 11, 12, 13, 14, 
    15), c(6, 8, 10, 11, 12, 13, 14, 15, 16), 7, c(7, 8, 9, 10, 
    13, 14, 15, 16), c(7, 8, 10, 13, 14, 15, 16), c(7, 8, 10, 
    14, 15, 16), c(7, 8, 10, 14, 16), c(7, 10, 14, 16), 8, c(8, 
    10, 11, 12, 13, 14, 15), c(8, 11), c(8, 11, 12, 13, 14, 15
    ), c(8, 11, 13, 14, 15), c(8, 11, 14), c(8, 11, 14, 15), 
    9, 10, c(10, 14, 16), 11, c(11, 12), 12, 13, 14, c(14, 15, 
    16), c(14, 16), 15, c(15, 16), 16), powers = c(5, -5, -1, 
-1, -2, -1, -1, -1, -1, -1, -1, -1, 5, -1, -1, -1, -1, -1, -1, 
-1, -1, -1, -1, -1, -1, 5, -1, -1, -1, -1, -1, -1, -1, -1, -1, 
-1, -1, -1, -1, 4, -1, -1, -1, -1, -1, -1, -1, -1, -1, -1, -1, 
-1, -1, 5, 5, -1, -1, -1, -1, -1, 5, -1, -1, -1, -1, -1, 5, -1, 
-1, -1, -1, -1, -1, 5, 5, -1, 4, -1, 4, 5, 4, -1, -1, 5, -1, 
4), pnames = c("norway", "nz", "netherlands", "USA", "russia", 
"australia", "UK", "ukraine", "france", "germany", "sweden", 
"denmark", "canada", "italy", "finland", "spain")), class = "hyper2")

`soling_table_2000` <-
structure(list(I = c(5L, 3L, 1L, 4L, 2L, 8L, 13L, 12L, 9L, 14L, 
7L, 6L, 10L, 16L, 11L, 15L), II = c(2L, 3L, 5L, 14L, 8L, 11L, 
7L, 1L, 13L, 10L, 15L, 16L, 9L, 6L, 4L, 12L), III = c(1L, 10L, 
13L, 2L, 4L, 6L, 8L, 7L, 11L, 3L, 5L, 12L, 9L, 14L, 15L, 16L), 
    IV = c(3L, 2L, 11L, 16L, 8L, 1L, 4L, 6L, 9L, 7L, 10L, 12L, 
    13L, 5L, 14L, 15L), V = c(5L, 7L, 1L, 2L, 6L, 9L, 4L, 15L, 
    3L, 10L, 16L, 11L, 12L, 14L, 13L, 8L), VI = c(16L, 3L, 1L, 
    2L, 9L, 14L, 13L, 12L, 7L, 11L, 5L, 4L, 8L, 10L, 15L, 6L)), 
class = "data.frame", row.names = c("norway", 
"nz", "netherlands", "USA", "russia", "australia", "UK", "ukraine", 
"france", "germany", "sweden", "denmark", "canada", "italy", 
"finland", "spain"))

## Now some post-table dataset; "rr" = "round robin" and "qf" = "quarter final"


W <- TRUE
L <- FALSE

soling2000_rr1 <- matrix(c(
NA,  W,  L,  W,  W,  W,
 L, NA,  W,  W,  W,  W,
 W,  L, NA,  W,  W,  L,
 L,  L,  L, NA,  W,  W,
 L,  L,  L,  L, NA,  W,
 L,  L,  W,  L,  L, NA)
,6,6,byrow=TRUE)
rownames(soling2000_rr1) <- c("germany","sweden","denmark","france","ukraine","UK")
colnames(soling2000_rr1) <- rownames(soling2000_rr1)

soling2000_rr2 <- matrix(c(
NA,  W,  W,  L,  W,  W,
 L, NA,  W,  W,  W,  L,
 L,  L, NA,  W,  W,  W,
 W,  L,  L, NA,  W,  W,
 L,  L,  L,  L, NA,  W,
 L,  W,  W,  L,  L, NA)
,6,6,byrow=TRUE)
rownames(soling2000_rr2) <- c("denmark","germany","russia","sweden","australia","USA")
colnames(soling2000_rr2) <- rownames(soling2000_rr2)

soling2000_qf  <- matrix(c(
NA,  L,  W,  W,  W,  W,
 W, NA,  W,  W,  W,  L,
 L,  L, NA,  L,  W,  W,
 L,  L,  W, NA,  L,  W,
 L,  L,  L,  W, NA,  W,
 L,  W,  L,  L,  L, NA)
,6,6,byrow=TRUE)
rownames(soling2000_qf) <- c("denmark","germany","netherlands","norway","nz","USA")
colnames(soling2000_qf) <- rownames(soling2000_qf)

rm(L)
rm(W)
