`super2016` <-
structure(list(brackets = list(1, c(1, 2), c(1, 5), c(1, 6), 
    c(1, 7), c(1, 8), c(1, 9), c(1, 10), c(1, 11), c(1, 12), 
    c(1, 13), c(1, 14), c(1, 15), c(1, 18), 2, c(2, 3), c(2, 
    4), c(2, 5), c(2, 6), c(2, 7), c(2, 8), c(2, 9), c(2, 13), 
    c(2, 14), c(2, 16), c(2, 17), c(2, 18), 3, c(3, 4), c(3, 
    7), c(3, 10), c(3, 11), c(3, 12), c(3, 13), c(3, 14), c(3, 
    15), c(3, 16), c(3, 17), c(3, 18), 4, c(4, 7), c(4, 10), 
    c(4, 11), c(4, 12), c(4, 13), c(4, 14), c(4, 15), c(4, 16
    ), c(4, 17), c(4, 18), 5, c(5, 6), c(5, 7), c(5, 8), c(5, 
    9), c(5, 10), c(5, 11), c(5, 12), c(5, 13), c(5, 14), c(5, 
    15), c(5, 16), c(5, 18), 6, c(6, 7), c(6, 8), c(6, 9), c(6, 
    10), c(6, 11), c(6, 12), c(6, 13), c(6, 14), c(6, 15), c(6, 
    18), 7, c(7, 8), c(7, 9), c(7, 13), c(7, 14), c(7, 16), c(7, 
    17), c(7, 18), 8, c(8, 9), c(8, 10), c(8, 11), c(8, 12), 
    c(8, 13), c(8, 14), c(8, 15), c(8, 18), 9, c(9, 10), c(9, 
    11), c(9, 12), c(9, 13), c(9, 14), c(9, 15), c(9, 18), 10, 
    c(10, 11), c(10, 12), c(10, 15), c(10, 16), c(10, 17), 11, 
    c(11, 12), c(11, 15), c(11, 16), c(11, 17), 12, c(12, 15), 
    c(12, 16), c(12, 17), 13, c(13, 14), c(13, 16), c(13, 17), 
    c(13, 18), 14, c(14, 16), c(14, 17), c(14, 18), 15, c(15, 
    16), c(15, 17), 16, c(16, 17), c(16, 18), 17, c(17, 18), 
    18), powers = c(9, -1, -1, -2, -1, -1, -2, -1, -1, -1, -1, 
-1, -1, -1, 10, -1, -1, -1, -1, -2, -2, -1, -1, -1, -1, -1, -2, 
9, -2, -1, -1, -1, -1, -1, -1, -1, -2, -2, -1, 4, -1, -1, -1, 
-1, -1, -1, -1, -2, -2, -1, 12, -2, -1, -2, -2, -1, -1, -1, -1, 
-1, -1, -1, -1, 11, -1, -1, -1, -1, -1, -2, -1, -1, -1, -1, 2, 
-1, -1, -2, -1, -1, -1, -1, 12, -2, -1, -1, -2, -1, -1, -1, -1, 
14, -1, -1, -2, -1, -1, -2, -1, 4, -2, -2, -2, -1, -1, 2, -2, 
-2, -1, -1, 13, -2, -1, -1, 7, -2, -1, -1, -1, 3, -1, -1, -2, 
10, -1, -1, 11, -2, -1, 1, -1, 8), pnames = c("Blues", "Brumbies", 
"Bulls", "Cheetahs", "Chiefs", "Crusaders", "Force", "Highlanders", 
"Hurricanes", "Jaguares", "Kings", "Lions", "Rebels", "Reds", 
"Sharks", "Stormers", "Sunwolves", "Waratahs")), .Names = c("brackets", 
"powers", "pnames"), class = "hyper2")

`super2016g` <-
structure(list(brackets = list(1, c(1, 2, 19), c(1, 5, 19), c(1, 
6, 19), c(1, 7, 19), c(1, 8, 19), c(1, 9, 19), c(1, 10, 19), 
    c(1, 11, 19), c(1, 12, 19), c(1, 13, 19), c(1, 14, 19), c(1, 
    15, 19), c(1, 18, 19), c(1, 19), 2, c(2, 3, 19), c(2, 4, 
    19), c(2, 5, 19), c(2, 6, 19), c(2, 7, 19), c(2, 8, 19), 
    c(2, 9, 19), c(2, 13, 19), c(2, 14, 19), c(2, 16, 19), c(2, 
    17, 19), c(2, 18, 19), c(2, 19), 3, c(3, 4, 19), c(3, 7, 
    19), c(3, 10, 19), c(3, 11, 19), c(3, 12, 19), c(3, 13, 19
    ), c(3, 14, 19), c(3, 15, 19), c(3, 16, 19), c(3, 17, 19), 
    c(3, 18, 19), c(3, 19), 4, c(4, 7, 19), c(4, 10, 19), c(4, 
    11, 19), c(4, 12, 19), c(4, 13, 19), c(4, 14, 19), c(4, 15, 
    19), c(4, 16, 19), c(4, 17, 19), c(4, 18, 19), c(4, 19), 
    5, c(5, 6, 19), c(5, 7, 19), c(5, 8, 19), c(5, 9, 19), c(5, 
    10, 19), c(5, 11, 19), c(5, 12, 19), c(5, 13, 19), c(5, 14, 
    19), c(5, 15, 19), c(5, 16, 19), c(5, 18, 19), c(5, 19), 
    6, c(6, 7, 19), c(6, 8, 19), c(6, 9, 19), c(6, 10, 19), c(6, 
    11, 19), c(6, 12, 19), c(6, 13, 19), c(6, 14, 19), c(6, 15, 
    19), c(6, 18, 19), c(6, 19), 7, c(7, 8, 19), c(7, 9, 19), 
    c(7, 13, 19), c(7, 14, 19), c(7, 16, 19), c(7, 17, 19), c(7, 
    18, 19), 8, c(8, 9, 19), c(8, 10, 19), c(8, 11, 19), c(8, 
    12, 19), c(8, 13, 19), c(8, 14, 19), c(8, 15, 19), c(8, 18, 
    19), c(8, 19), 9, c(9, 10, 19), c(9, 11, 19), c(9, 12, 19
    ), c(9, 13, 19), c(9, 14, 19), c(9, 15, 19), c(9, 18, 19), 
    c(9, 19), 10, c(10, 11, 19), c(10, 12, 19), c(10, 15, 19), 
    c(10, 16, 19), c(10, 17, 19), c(10, 19), c(11, 12, 19), c(11, 
    15, 19), c(11, 16, 19), c(11, 17, 19), c(11, 19), 12, c(12, 
    15, 19), c(12, 16, 19), c(12, 17, 19), c(12, 19), 13, c(13, 
    14, 19), c(13, 16, 19), c(13, 17, 19), c(13, 18, 19), c(13, 
    19), c(14, 16, 19), c(14, 17, 19), c(14, 18, 19), c(14, 19
    ), 15, c(15, 16, 19), c(15, 17, 19), c(15, 19), 16, c(16, 
    17, 19), c(16, 18, 19), c(16, 19), c(17, 18, 19), c(17, 19
    ), 18, c(18, 19)), powers = c(3, -1, -1, -2, -1, -1, -2, 
-1, -1, -1, -1, -1, -1, -1, 6, 4, -1, -1, -1, -1, -2, -2, -1, 
-1, -1, -1, -1, -2, 6, 4, -2, -1, -1, -1, -1, -1, -1, -1, -2, 
-2, -1, 5, 1, -1, -1, -1, -1, -1, -1, -1, -2, -2, -1, 3, 7, -2, 
-1, -2, -2, -1, -1, -1, -1, -1, -1, -1, -1, 5, 5, -1, -1, -1, 
-1, -1, -2, -1, -1, -1, -1, 6, 2, -1, -1, -2, -1, -1, -1, -1, 
6, -2, -1, -1, -2, -1, -1, -1, -1, 6, 5, -1, -1, -2, -1, -1, 
-2, -1, 9, 1, -2, -2, -2, -1, -1, 3, -2, -2, -1, -1, 2, 5, -2, 
-1, -1, 8, 4, -2, -1, -1, -1, 3, -1, -1, -2, 3, 5, -1, -1, 5, 
5, -2, -1, 6, -1, 1, 4, 4), pnames = c("Blues", "Brumbies", "Bulls", 
"Cheetahs", "Chiefs", "Crusaders", "Force", "Highlanders", "Hurricanes", 
"Jaguares", "Kings", "Lions", "Rebels", "Reds", "Sharks", "Stormers", 
"Sunwolves", "Waratahs", "ghost")), .Names = c("brackets", "powers", 
"pnames"), class = "hyper2")

