`universities_table` <-
structure(list(uni = structure(c(6L, 5L, 1L, 2L, 3L, 4L, 7L, 
8L, 6L, 5L, 1L, 2L, 3L, 4L, 7L, 8L, 6L, 5L, 1L, 2L, 3L, 4L, 7L, 
8L, 6L, 5L, 1L, 2L, 3L, 4L, 7L, 8L, 6L, 5L, 1L, 2L, 3L, 4L, 7L, 
8L, 6L, 5L, 1L, 2L, 3L, 4L, 7L, 8L, 6L, 5L, 1L, 2L, 3L, 4L, 7L, 
8L, 6L, 5L, 1L, 2L, 3L, 4L, 7L, 8L, 6L, 5L, 1L, 2L, 3L, 4L, 7L, 
8L), .Label = c("AUT", "Canterbury", "Lincoln", "Massey", "Otago", 
"UoA", "Victoria", "Waikato"), class = "factor"), year = c(2012L, 
2012L, 2012L, 2012L, 2012L, 2012L, 2012L, 2012L, 2013L, 2013L, 
2013L, 2013L, 2013L, 2013L, 2013L, 2013L, 2014L, 2014L, 2014L, 
2014L, 2014L, 2014L, 2014L, 2014L, 2015L, 2015L, 2015L, 2015L, 
2015L, 2015L, 2015L, 2015L, 2016L, 2016L, 2016L, 2016L, 2016L, 
2016L, 2016L, 2016L, 2017L, 2017L, 2017L, 2017L, 2017L, 2017L, 
2017L, 2017L, 2018L, 2018L, 2018L, 2018L, 2018L, 2018L, 2018L, 
2018L, 2019L, 2019L, 2019L, 2019L, 2019L, 2019L, 2019L, 2019L, 
2020L, 2020L, 2020L, 2020L, 2020L, 2020L, 2020L, 2020L), Teaching = structure(c(41L, 
33L, 54L, 3L, 54L, 4L, 2L, 1L, 53L, 43L, 54L, 14L, 54L, 10L, 
21L, 5L, 37L, 34L, 54L, 7L, 54L, 54L, 12L, 8L, 42L, 38L, 54L, 
19L, 54L, 54L, 20L, 9L, 50L, 48L, 3L, 28L, 54L, 26L, 36L, 11L, 
52L, 47L, 6L, 30L, 35L, 23L, 27L, 17L, 51L, 49L, 12L, 29L, 44L, 
23L, 39L, 18L, 45L, 40L, 3L, 22L, 25L, 15L, 26L, 13L, 50L, 46L, 
12L, 31L, 32L, 24L, 25L, 16L), .Label = c("13.3", "16.5", "17.3", 
"17.4", "17.7", "17.8", "18.2", "18.4", "18.6", "19.2", "19.3", 
"19.7", "19.8", "19.9", "20.1", "20.8", "20.9", "21.0", "21.1", 
"21.6", "22.3", "22.4", "22.5", "22.9", "23.0", "23.1", "23.3", 
"23.5", "23.7", "23.8", "24.3", "24.4", "24.5", "24.6", "25.5", 
"26.0", "26.7", "27.1", "27.6", "27.9", "28.3", "28.6", "28.8", 
"29.1", "30.1", "30.2", "30.5", "30.7", "31.2", "31.4", "32.5", 
"32.8", "34.0", "DNP"), class = "factor"), Research = structure(c(45L, 
32L, 52L, 24L, 52L, 8L, 17L, 2L, 49L, 40L, 52L, 22L, 52L, 13L, 
35L, 15L, 44L, 29L, 52L, 25L, 52L, 52L, 31L, 9L, 43L, 31L, 52L, 
20L, 52L, 52L, 33L, 6L, 46L, 38L, 51L, 18L, 52L, 7L, 34L, 10L, 
48L, 39L, 1L, 28L, 16L, 14L, 36L, 19L, 47L, 39L, 3L, 29L, 4L, 
12L, 37L, 23L, 47L, 39L, 5L, 27L, 14L, 8L, 39L, 21L, 50L, 42L, 
11L, 30L, 15L, 12L, 41L, 26L), .Label = c("12.5", "13.9", "14.2", 
"16.1", "16.6", "17.0", "17.1", "17.2", "18.1", "18.2", "18.4", 
"18.9", "19.2", "19.6", "19.9", "20.8", "21.5", "22.5", "23.2", 
"23.4", "23.8", "24.0", "24.1", "24.3", "24.4", "26.3", "26.6", 
"26.8", "26.9", "27.2", "27.7", "28.0", "28.5", "28.7", "29.1", 
"30.2", "30.4", "30.5", "30.7", "30.9", "31.8", "32.1", "33.4", 
"33.5", "35.0", "39.5", "40.7", "40.8", "40.9", "43.9", "98.0", 
"DNP"), class = "factor"), Citations = structure(c(32L, 15L, 
57L, 3L, 57L, 2L, 25L, 13L, 40L, 30L, 57L, 16L, 57L, 5L, 31L, 
38L, 42L, 34L, 57L, 26L, 57L, 57L, 27L, 34L, 43L, 35L, 57L, 29L, 
57L, 57L, 29L, 22L, 44L, 47L, 1L, 6L, 57L, 4L, 10L, 28L, 48L, 
50L, 12L, 33L, 21L, 8L, 16L, 20L, 46L, 52L, 36L, 37L, 7L, 18L, 
15L, 39L, 49L, 53L, 55L, 47L, 9L, 24L, 23L, 41L, 51L, 54L, 56L, 
45L, 14L, 19L, 11L, 17L), .Label = c("21.7", "24.5", "30.5", 
"31.9", "37.6", "38.9", "41.8", "43.3", "43.5", "44.3", "45.5", 
"45.9", "47.8", "47.9", "48.0", "48.4", "48.8", "48.9", "49.1", 
"49.5", "49.6", "50.0", "50.1", "50.2", "51.1", "51.6", "52.9", 
"53.7", "53.8", "54.8", "55.6", "55.7", "56.2", "56.9", "57.6", 
"60.5", "60.9", "61.9", "63.5", "64.2", "65.5", "67.0", "68.4", 
"69.8", "72.7", "73.8", "74.9", "75.8", "76.5", "80.1", "80.2", 
"82.2", "82.6", "84.7", "91.4", "98.0", "DNP"), class = "factor"), 
    Industry = structure(c(53L, 4L, 55L, 3L, 55L, 55L, 2L, 1L, 
    53L, 18L, 55L, 37L, 55L, 48L, 29L, 5L, 52L, 20L, 55L, 41L, 
    55L, 55L, 34L, 33L, 51L, 9L, 55L, 35L, 55L, 55L, 36L, 38L, 
    54L, 8L, 6L, 40L, 55L, 14L, 32L, 7L, 50L, 13L, 11L, 25L, 
    27L, 23L, 43L, 12L, 49L, 31L, 10L, 21L, 15L, 20L, 45L, 23L, 
    46L, 19L, 13L, 16L, 42L, 24L, 44L, 28L, 47L, 17L, 16L, 22L, 
    39L, 26L, 45L, 30L), .Label = c("24.5", "25.8", "26.6", "27.8", 
    "28.2", "28.5", "30.7", "31.5", "31.9", "33.5", "33.9", "34.7", 
    "35.6", "35.8", "36.6", "36.7", "37.0", "37.2", "37.4", "37.6", 
    "37.9", "38.5", "39.1", "40.2", "40.5", "41.5", "41.7", "42.2", 
    "43.0", "43.4", "45.1", "45.6", "46.3", "46.4", "49.5", "49.7", 
    "49.8", "50.0", "51.5", "52.1", "52.3", "52.4", "53.6", "55.1", 
    "57.2", "61.6", "62.4", "66.0", "67.3", "70.5", "74.2", "74.5", 
    "76.6", "78.0", "DNP"), class = "factor"), International = structure(c(41L, 
    25L, 50L, 2L, 50L, 3L, 26L, 17L, 21L, 13L, 50L, 21L, 50L, 
    1L, 12L, 14L, 21L, 12L, 50L, 21L, 50L, 50L, 8L, 7L, 18L, 
    6L, 50L, 22L, 50L, 50L, 10L, 4L, 33L, 31L, 46L, 35L, 50L, 
    5L, 25L, 17L, 33L, 23L, 45L, 29L, 15L, 38L, 23L, 20L, 34L, 
    23L, 49L, 32L, 9L, 39L, 19L, 27L, 36L, 28L, 48L, 37L, 42L, 
    40L, 23L, 11L, 43L, 30L, 47L, 42L, 44L, 40L, 24L, 16L), .Label = c("73.3", 
    "76.3", "77.8", "80.3", "80.5", "81.5", "82.4", "82.9", "83.7", 
    "84.2", "84.4", "84.8", "85.4", "85.6", "86.0", "86.2", "87.0", 
    "87.3", "87.6", "87.8", "88.0", "88.2", "88.6", "88.7", "88.8", 
    "89.0", "89.2", "89.5", "89.7", "89.8", "89.9", "90.4", "90.5", 
    "90.6", "91.0", "91.7", "92.1", "92.2", "92.5", "92.8", "92.9", 
    "93.1", "94.0", "94.2", "94.8", "95.6", "95.8", "96.0", "96.1", 
    "DNP"), class = "factor")), class = "data.frame", row.names = c(NA, 
-72L))

`universities` <- 
structure(list(brackets = list(1, c(1, 2, 3, 4, 5, 6, 7, 8), 
    c(1, 2, 4, 5, 6, 7, 8), c(1, 3, 4, 5, 6, 7, 8), c(1, 4, 5, 
    6, 7, 8), 2, c(2, 3, 4, 5), c(2, 3, 4, 5, 6, 7, 8), c(2, 
    3, 4, 5, 7, 8), c(2, 3, 4, 5, 8), c(2, 3, 5), c(2, 3, 5, 
    6, 7, 8), c(2, 3, 5, 6, 8), 3, c(3, 4, 5), c(3, 4, 5, 6), 
    c(3, 4, 5, 6, 7), c(3, 4, 5, 6, 7, 8), c(3, 4, 5, 6, 8), 
    c(3, 4, 5, 7), c(3, 4, 5, 7, 8), c(3, 4, 5, 8), c(3, 4, 6, 
    7), c(3, 4, 6, 7, 8), c(3, 5), c(3, 5, 6), c(3, 5, 6, 7), 
    c(3, 5, 6, 7, 8), c(3, 5, 6, 8), c(3, 5, 7), c(3, 5, 8), 
    c(3, 6, 7), c(3, 6, 7, 8), c(3, 7), 4, c(4, 5, 6, 7, 8), 
    c(4, 5, 6, 8), c(4, 5, 7), c(4, 5, 7, 8), c(4, 6, 7), c(4, 
    7), 5, c(5, 6), c(5, 6, 7), c(5, 6, 7, 8), c(5, 6, 8), c(5, 
    7), 6, c(6, 8), 7, 8), powers = c(24, -24, -2, -4, -3, 24, 
-1, -18, -1, -1, -1, -2, -2, 14, -1, -1, -12, -18, -2, -2, -2, 
-1, -2, -1, -5, -1, -8, -1, -4, -5, -1, -2, -1, -2, 24, -3, -1, 
-1, -1, -1, -1, 6, -1, -3, -2, -2, -5, 17, -1, 20, 24), pnames = c("UoA", 
"Otago", "AUT", "Canterbury", "Lincoln", "Massey", "Victoria", 
"Waikato")), class = "hyper2")

