`wikipedia_table` <-
structure(list(X2007 = c(1L, 3L, 4L, 2L, 5L, 6L, 7L), X2008 = c(1L, 
3L, 4L, 2L, 5L, 6L, 7L), X2009 = c(1L, 3L, 2L, 4L, 5L, 6L, 7L
), X2010 = 1:7, X2011 = 1:7, X2012 = 1:7, X2013 = 1:7, X2014 = c(1L, 
2L, 3L, 5L, 4L, 6L, 7L), X2015 = 1:7, X2016 = 1:7, X2017 = c(1L, 
2L, 3L, 5L, 4L, 6L, 7L), X2018 = c(1L, 2L, 4L, 5L, 3L, 6L, 7L
), X2019 = c(2L, 1L, 5L, 3L, 4L, 6L, 7L)), class = "data.frame", row.names = c("science", 
"humanities", "computing", "miscellaneous", "language", "entertainment", 
"mathematics"))

`wikipedia` <-
structure(list(brackets = list(1, c(1, 2, 3, 4, 5, 6, 7), 2, 
    c(2, 3, 4, 5, 6, 7), c(2, 3, 5, 6, 7), c(2, 4, 5, 6, 7), 
    3, c(3, 4, 5, 6, 7), c(3, 4, 6, 7), c(3, 5, 6, 7), 4, c(4, 
    5, 6, 7), c(4, 6, 7), 5, c(5, 6, 7), 6, c(6, 7)), powers = c(12, 
-12, 12, -12, -2, -1, 12, -9, -1, -2, 12, -9, -3, 12, -9, 12, 
-12), pnames = c("science", "humanities", "computing", "miscellaneous", 
"language", "entertainment", "mathematics")), class = "hyper2")
